# Number of parameters = 220 Objective function value = 8773.69121465921  Maximum gradient component = 0.000685296063954260
# log_n_at_l_init:
 20.3109249881823 16.5376137698952 14.0660246783643 11.6685516095185 12.4122441666848 13.3297732817336 13.3606429646335 12.3877556943841 10.6952211631847 9.71087825842183 9.80750863183395 10.6251408649217 11.9329818732820 14.6720525567835
# log_recruits:
 17.5263639195063 20.1456326632162 17.9670385048450 21.2449940807770 16.8053106395934 20.7135225048538 15.0171301573095 21.9476208984453 18.5981836843287 21.2024205831960 15.0699156361933 20.5626929481712 17.5807298896949 20.9958859695612 14.9699894751318 21.3048932313432 16.8142414895728 21.0123885268458 14.6661013158744 20.5742679877320 16.4441977963672 20.0603561376148 17.9611656618837 21.0445970377108 18.8199447901826 21.8942253185551 16.3183129651537 20.8734879668588 16.5983400359211 21.3937679611552 15.4147060471359 21.6401695549365 18.1213387025307 20.8901541768146 14.6506218362111 20.2416420993384 17.3414046736160 20.4362625316053 14.3540179748955 20.9226770381103 18.3433214954568 21.1281130744415 17.7092988501528 19.5028025491012
# nat_m:
0.958184870682
# surv_q:
0.500500000000
# surv_50:
63.3902962313
# surv_slope:
0.240503851940
# fish_50:
79.9999999845
# fish_slope:
1.76858738506
# f_mort:
 0.00954463818401 0.0178115175600 0.0180348194439 0.0161111357574 0.0887594857804 0.152578669059 0.0808370405787 0.141697731605 0.175585969260 0.177230547934 0.254872196549 0.0759598969010 0.121254621110 0.132537849692 0.147815479158 0.143215243216 0.0772985790132 0.114295401853 0.0790830177907 0.106935236578 0.132372787697 0.127926941127 0.111379784928 0.110747416609 0.128859681480 0.128446860690 0.128405283698 0.0590585797267 0.00313988340902 0.0969060111112 0.0678035181080 0.0665967108420 0.0686714258888 0.142134402580 0.107295875436 0.185317039772 0.144572962302 0.194971333880 0.140003003330 0.107234480805 0.0470495380483 0.174827153277 0.136962733077 0.202546718731 0.148852359829 0.129260689213 0.143916452609 0.184391503227 0.173468830001 0.0814332208871 0.147093889376 0.166443080908 0.157089614847 0.0865077852664 0.143812434631 0.173569469949 0.0899011526191 0.251587200828 0.101814423495 0.116645349119 0.161529646614 0.173659232633 0.133329207949 0.116143303407 0.108835898497 0.170582892877 0.165925408221 0.144264137770 0.0604761230631 0.0756518692079 0.181895482903 0.105783256657 0.109831731430 0.158357467491 0.134655479417 0.124543477699 0.181687892395 0.156757045862 0.0263731822759 0.0773245560940 0.178627111679 0.134041593343 0.105893029668 0.147407839303 0.109384846707 0.130309929971 0.0657612327268 0.0850378893034 0.0487986262825 0.0858113059354 0.118100578351 0.136366921258 0.0554784924479 0.0411757729987 0.0703683268015 0.143056677370 0.148922478058 0.0626397691833 0.118048190024 0.0823704591816 0.0683514063020 0.0898462510825 0.210478485228 0.192063744462 0.159654075416 0.114345103114 0.112801677263 0.173923793283 0.0954257535379 0.119327829355 0.130062544801 0.127218727631 0.0937368325154 0.155845347372 0.194228150034 0.134558098117 0.152579344304 0.188296403542 0.0742344486950 0.159376956400 0.123455713681 0.105934093321 0.144003779144 0.131458601381 0.141605205424 0.150260947579 0.104719496488 0.160539994310 0.192677560629 0.133285372851 0.109612413771 0.0956678680895 0.0886450930479 0.116169743321 0.0701251520116 0.100802859529 0.165760142399 0.157571225954 0.125835356171 0.138339737084 0.113464797812 0.0716816247108 0.0743934493238 0.112955413622 0.115455186730 0.0746516790624 0.0902767040847 0.176681810894 0.0479063905582 0.0958469336263 0.0921311906263 0.136401042110 0.120091580261 0.0726745896746
# growth_alpha:
1.66741520008
# growth_beta:
1.57761261186
# growth_slope:
1.23985629147
