# Number of parameters = 139 Objective function value = 15255.4952216116  Maximum gradient component = 0.0241606283741894
# log_n_at_l_init:
 13.4801354296148 8.77037609543421 7.83060025491539 5.61250702382328 6.24019061288179 7.09283875861185 7.14701038890935 6.30137706381322 4.59752249996399 3.54029237084057 3.66809438523389 4.56597518089915 5.64250647114635 8.44388850075439
# log_recruits:
 21.7768646648493 20.3924922745108 18.5511396828464 20.8347733137977 17.7349313962313 20.9101899152423 14.8214862487354 21.5791055691849 18.5363500751252 22.0624567909206 9.27194440005066 21.6485668429528 18.8523541389814 20.9105656329871 2.26303031287045 21.3469053179182 19.4410169536787 21.3716006685783 3.11024900239402 21.6309390941899 17.9909787421547 21.0718433307923 17.6877724266693 21.3981049508455 19.2019007635818 20.1601924098968
# nat_m:
1.44440665487
# surv_q:
0.500500000000
# surv_50:
66.9564491291
# surv_slope:
0.194002713935
# fish_50:
77.1914873504
# fish_slope:
0.237015962997
# f_mort:
 2.57097349019 1.48144833297 2.05901303600 2.00458028900 0.177870522954 0.211834422483 0.194099710016 0.127697416992 0.0923081511124 0.105433091217 0.0679331243623 0.220570697106 0.154542246807 0.140369351637 0.164830391107 0.115554099074 0.141828898719 0.159340229992 0.110879664572 0.209319655861 0.0985012490715 0.111415405320 0.0124370509337 0.140386815469 0.115167084780 0.136529342897 0.220348077160 0.101051881799 0.157500405477 0.196885632569 0.175024308516 0.133585874843 0.211224759443 0.164849041353 0.148410896574 0.115419017359 0.254028121670 0.177995204161 0.166442489570 0.168254984499 0.221581216804 0.246942357081 0.0780771254251 0.158702089073 0.168714042864 0.150887474571 0.116725156879 0.164538058416 0.215514486195 0.177372266349 0.167683392700 0.204977260817 0.176367523736 0.165661945048 0.0608023613074 0.0637049600880 0.0934043192487 0.161622569905 0.160932531856 0.181609512783 0.196389332453 0.153798225794 0.187841777370 0.133753247012 0.147815839315 0.183861139486 0.133939646837 0.220191445904 0.0688927608832 0.115749140450 0.134050889302 0.165507599256 0.164006464962 0.145187700073 0.104807044756 0.168513491897 0.186560438712 0.196163157169 0.121921157609 0.167287872211 0.193370351545 0.149376409906 0.147778532957 0.110980139326 0.159136169299 0.163258639164 0.181468449510 0.146560547545 0.134325613120 0.0954656346637 0.214058479015
# growth_alpha:
1.44523312972
# growth_beta:
3.36262875104
# growth_slope:
1.24832303452
