# simulated mantis shrimp data file
# start_mo
1
# end_mo
264
# number of sizes
40
# sizes
52.5 57.5 62.5 67.5 72.5 77.5 82.5 87.5 92.5 97.5 102.5 107.5 112.5 117.5 122.5 127.5 132.5 137.5 142.5 147.5 152.5 157.5 162.5 167.5 172.5 177.5 182.5 187.5 192.5 197.5 202.5 207.5 212.5 217.5 222.5 227.5 232.5 237.5 242.5 247.5
# number of survey months
80
# survey months
1 5 8 10 15 16 20 24 25 30 32 35 40 45 48 50 55 56 60 64 65 70 72 75 80 85 88 90 95 96 100 104 105 110 112 115 120 125 128 130 135 136 140 144 145 150 152 155 160 165 168 170 175 176 180 184 185 190 192 195 200 205 208 210 215 216 220 224 225 230 232 235 240 245 248 250 255 256 260 264
# survey numbers
56985611 283794952 376460360 643200195 326038493 857451881 688360200 654098975 623516783 783347678 772338764 791974126 856893145 1028903334 576374033 500811494 645001905 916313283 768792988 857446626 772188432 1010005072 551328880 490260289 993850659 661985874 721592593 655555974 480983469 792046483 860207225 835778492 801159172 473150944 1272821137 930475737 883837692 635287491 875347996 784953432 646584665 891599713 877360103 800557035 827612947 785165690 906853855 631802198 834244914 840560356 630816917 793007509 935474158 720555876 597530127 885391533 1040096454 1219947104 597845673 457503735 722146439 601525233 796976475 772292324 970128156 689894994 836907541 1056008352 947284564 448247175 1009965874 1034316503 661064120 823623429 947622126 881402256 578704835 810911643 1326730857 685456037
# survey size composition
0.9981 1e-04 4e-04 1e-04 1e-04 0 0 0 2e-04 3e-04 0 0 0 0 0 0 0 0 0 0 0 2e-04 2e-04 0 0 0 0 1e-04 0 0 0 0 0 0 0 0 0 0 0 2e-04
0.1498 0.0404 0.3539 0.3829 0.0709 0.002 0 0 0 0 0 0 0 0 0 1e-04 0 0 0 0 0 0 0 0 0 0 0 0 0 0 0 0 0 0 0 0 0 0 0 0
8e-04 0.0262 0.2144 0.2606 0.1523 0.1621 0.129 0.044 0.0095 0.001 1e-04 0 0 0 0 0 0 0 0 0 0 0 0 0 0 0 0 0 0 0 0 0 0 0 0 0 0 0 0 0
0.089 0.0233 0.2012 0.2402 0.1391 0.1476 0.1155 0.0367 0.007 4e-04 0 0 0 0 0 0 0 0 0 0 0 0 0 0 0 0 0 0 0 0 0 0 0 0 0 0 0 0 0 0
0.1931 0.0215 0.176 0.2256 0.1249 0.1405 0.0958 0.0185 0.0039 2e-04 0 0 0 0 0 0 0 0 0 0 0 0 0 0 0 0 0 0 0 0 0 0 0 0 0 0 0 0 0 0
0.001 0.0326 0.253 0.2967 0.107 0.0938 0.0815 0.0505 0.035 0.0285 0.0147 0.0047 8e-04 2e-04 0 0 0 0 0 0 0 0 0 0 0 0 0 0 0 0 0 0 0 0 0 0 0 0 0 0
4e-04 0.0151 0.1302 0.1824 0.135 0.1654 0.1372 0.08 0.0495 0.038 0.0248 0.0171 0.011 0.0077 0.0038 0.0015 8e-04 1e-04 0 0 0 0 0 0 0 0 0 0 0 0 0 0 0 0 0 0 0 0 0 0
0.0617 0.0152 0.1362 0.1842 0.1421 0.1859 0.1416 0.0455 0.0258 0.019 0.0138 0.0115 0.0074 0.0053 0.0032 0.0014 1e-04 0 1e-04 0 0 0 0 0 0 0 0 0 0 0 0 0 0 0 0 0 0 0 0 0
0.1262 0.0145 0.13 0.1714 0.1271 0.1591 0.1376 0.0458 0.0288 0.022 0.0149 0.0092 0.0058 0.0037 0.0027 8e-04 3e-04 1e-04 0 0 0 0 0 0 0 0 0 0 0 0 0 0 0 0 0 0 0 0 0 0
0.0584 0.0257 0.2343 0.2619 0.0949 0.0818 0.0786 0.0409 0.0419 0.0341 0.0195 0.0103 0.0058 0.0046 0.0029 0.0011 0.001 0.0011 4e-04 6e-04 2e-04 0 0 0 0 0 0 0 0 0 0 0 0 0 0 0 0 0 0 0
4e-04 0.0167 0.1221 0.1592 0.1259 0.161 0.1358 0.0743 0.0489 0.0403 0.0296 0.0228 0.0208 0.0143 0.0107 0.0058 0.0032 0.0024 0.0024 0.0011 5e-04 4e-04 9e-04 1e-04 3e-04 0 1e-04 0 0 0 0 0 0 0 0 0 0 0 0 0
0.0528 0.0129 0.1269 0.1697 0.1328 0.1662 0.1362 0.0524 0.0357 0.0305 0.0242 0.0164 0.0135 0.0104 0.008 0.0037 0.0023 0.0022 0.0013 9e-04 3e-04 1e-04 4e-04 1e-04 0 0 0 0 1e-04 0 0 0 0 0 0 0 0 0 0 0
0.0012 0.0288 0.2221 0.2539 0.0974 0.08 0.0776 0.0579 0.0554 0.0478 0.0278 0.0136 0.0082 0.0078 0.0055 0.0034 0.0028 0.003 0.0023 9e-04 9e-04 6e-04 6e-04 3e-04 1e-04 0 1e-04 0 0 0 0 0 0 0 0 0 0 0 0 0
0.047 0.0146 0.1204 0.147 0.1229 0.1495 0.1252 0.0733 0.0441 0.037 0.0297 0.0219 0.0199 0.0166 0.0089 0.0057 0.0042 0.0033 0.0024 0.002 0.0012 0.0011 0.0013 1e-04 5e-04 1e-04 0 1e-04 0 0 0 0 0 0 0 0 0 0 0 0
0.0568 0.0163 0.1352 0.1746 0.1343 0.1696 0.1364 0.0461 0.0322 0.0278 0.0193 0.0132 0.0116 0.0091 0.0054 0.0029 0.0024 0.0011 0.0014 8e-04 0.001 0.001 2e-04 2e-04 6e-04 2e-04 2e-04 0 0 1e-04 0 0 0 0 0 0 0 0 0 0
0.1291 0.0134 0.1209 0.1623 0.1308 0.157 0.1239 0.0459 0.03 0.0226 0.0184 0.0117 0.0099 0.0073 0.0053 0.0032 0.0018 0.0014 0.001 0.0012 0.0011 7e-04 5e-04 1e-04 2e-04 1e-04 2e-04 0 0 0 0 0 0 0 0 0 0 0 0 0
0 0.0139 0.1256 0.1641 0.128 0.1545 0.1259 0.0707 0.0552 0.0439 0.0327 0.0232 0.017 0.0131 0.0094 0.0072 0.0039 0.0027 0.002 0.0017 0.0025 6e-04 9e-04 8e-04 4e-04 0 0 1e-04 0 0 0 0 0 0 0 0 0 0 0 0
6e-04 0.0146 0.1248 0.1605 0.1297 0.1548 0.1317 0.0689 0.0501 0.0458 0.0306 0.0228 0.0183 0.0153 0.0093 0.0053 0.0033 0.004 0.0026 0.002 0.0019 0.001 7e-04 4e-04 3e-04 0 3e-04 1e-04 1e-04 0 1e-04 1e-04 0 0 0 0 0 0 0 0
0.0538 0.0178 0.135 0.1749 0.1317 0.175 0.1339 0.0479 0.0292 0.0264 0.0182 0.0151 0.0119 0.0103 0.0056 0.0042 0.0022 0.002 5e-04 8e-04 0.001 6e-04 5e-04 7e-04 2e-04 1e-04 3e-04 2e-04 0 0 0 0 0 0 0 0 0 0 0 0
0.0012 0.0267 0.217 0.2542 0.0904 0.0808 0.0791 0.0585 0.059 0.0506 0.0277 0.0145 0.0085 0.0095 0.0065 0.004 0.0039 0.0021 0.0017 8e-04 0.0013 3e-04 5e-04 0 6e-04 2e-04 3e-04 0 0 1e-04 0 0 0 0 0 0 0 0 0 0
0.0561 0.0287 0.2198 0.2511 0.0928 0.0773 0.0792 0.0463 0.0438 0.041 0.0234 0.01 0.0063 0.0062 0.0049 0.0033 0.0023 0.0018 0.0014 0.0012 8e-04 0.001 3e-04 4e-04 2e-04 0 0 2e-04 2e-04 0 0 0 0 0 0 0 0 0 0 0
0.0535 0.0146 0.1166 0.1605 0.124 0.1622 0.1286 0.0626 0.0397 0.0357 0.0255 0.0193 0.0177 0.0135 0.0083 0.0041 0.0036 0.0023 0.0012 0.002 0.0013 8e-04 0.001 6e-04 5e-04 1e-04 0 1e-04 0 0 0 1e-04 0 0 0 0 0 0 0 0
0.0546 0.0175 0.131 0.1775 0.1333 0.1702 0.1369 0.0495 0.0275 0.0259 0.0165 0.0154 0.0131 0.0121 0.0062 0.0033 0.0027 0.0022 0.0014 0.0011 5e-04 2e-04 4e-04 4e-04 2e-04 1e-04 0 1e-04 2e-04 0 0 0 0 0 0 0 0 0 0 0
0.1222 0.0169 0.1238 0.1645 0.1299 0.1656 0.133 0.036 0.0273 0.0219 0.0146 0.011 0.01 0.0081 0.0047 0.0033 0.0022 8e-04 8e-04 0.001 4e-04 1e-04 5e-04 5e-04 2e-04 4e-04 0 2e-04 0 0 0 1e-04 0 0 0 0 0 0 0 0
6e-04 0.0151 0.1183 0.1654 0.1246 0.1592 0.1315 0.0738 0.0481 0.0434 0.0308 0.0222 0.021 0.0158 0.0112 0.0042 0.0041 0.0033 0.0023 0.0012 0.001 5e-04 0.0011 3e-04 2e-04 5e-04 0 0 1e-04 2e-04 0 0 0 0 0 0 0 0 0 0
0.1225 0.0151 0.1255 0.1615 0.1243 0.1634 0.1244 0.04 0.0273 0.0237 0.0189 0.0126 0.0118 0.0103 0.0061 0.0036 0.0028 0.002 0.0011 0.001 9e-04 3e-04 1e-04 2e-04 2e-04 1e-04 2e-04 1e-04 0 0 0 0 0 0 0 0 0 0 0 0
0.0012 0.0262 0.2176 0.2613 0.0933 0.0785 0.0807 0.0583 0.0569 0.047 0.0282 0.0111 0.0089 0.0076 0.0066 0.0051 0.003 0.0027 0.0024 0.001 8e-04 4e-04 4e-04 1e-04 3e-04 0 2e-04 0 0 2e-04 0 0 0 0 0 0 0 0 0 0
0.054 0.026 0.2269 0.2571 0.0946 0.0849 0.0831 0.04 0.0426 0.031 0.0206 0.0123 0.0056 0.0052 0.0045 0.0032 0.0016 0.0021 0.0017 8e-04 6e-04 3e-04 6e-04 3e-04 1e-04 0 0 0 3e-04 0 0 0 0 0 0 0 0 0 0 0
0.0555 0.0152 0.1296 0.1701 0.135 0.1631 0.1379 0.0484 0.0335 0.0301 0.021 0.0167 0.0118 0.0096 0.0067 0.0045 0.0027 0.002 0.001 0.0012 0.001 0.0012 6e-04 6e-04 5e-04 3e-04 1e-04 1e-04 0 0 0 0 0 0 0 0 0 0 0 0
0.056 0.0169 0.135 0.1799 0.1328 0.1634 0.1373 0.0478 0.0301 0.025 0.0221 0.013 0.0115 0.0097 0.0066 0.0039 0.0022 0.0015 0.0016 4e-04 0.0014 4e-04 5e-04 2e-04 2e-04 1e-04 0 3e-04 0 1e-04 1e-04 0 0 0 0 0 0 0 0 0
0.0011 0.026 0.2221 0.2572 0.0894 0.0808 0.0791 0.0562 0.0567 0.0495 0.0306 0.0141 0.0089 0.008 0.0065 0.0032 0.0038 0.0026 0.0015 3e-04 0.0011 5e-04 1e-04 3e-04 1e-04 1e-04 1e-04 1e-04 0 0 0 0 0 0 0 0 0 0 0 0
4e-04 0.0148 0.1227 0.1628 0.1246 0.1569 0.1261 0.0743 0.0558 0.0414 0.0318 0.0201 0.0182 0.0153 0.0125 0.0056 0.004 0.0027 0.0024 0.0022 0.002 0.0015 5e-04 5e-04 2e-04 3e-04 1e-04 1e-04 1e-04 0 0 1e-04 0 0 0 0 0 0 0 0
0.0486 0.0137 0.1204 0.152 0.1168 0.151 0.123 0.0677 0.0493 0.0426 0.0296 0.022 0.0179 0.014 0.0103 0.0051 0.0034 0.0034 0.0023 0.0024 0.0012 0.0014 8e-04 6e-04 2e-04 2e-04 0 0 1e-04 0 0 0 0 0 0 0 0 0 0 0
0.1242 0.0128 0.1236 0.1672 0.1258 0.1568 0.1277 0.0425 0.0273 0.0257 0.0174 0.0109 0.0108 0.007 0.0073 0.0038 0.0024 0.0014 0.002 3e-04 8e-04 6e-04 6e-04 4e-04 2e-04 1e-04 0 2e-04 1e-04 0 1e-04 0 0 0 0 0 0 0 0 0
0.0016 0.0272 0.2257 0.2438 0.0888 0.0842 0.0789 0.0622 0.0588 0.0464 0.0269 0.0157 0.0093 0.0068 0.0068 0.0041 0.0032 0.0032 0.0017 0.0021 9e-04 5e-04 1e-04 4e-04 3e-04 0 1e-04 1e-04 1e-04 0 0 0 0 0 0 0 0 1e-04 0 0
6e-04 0.014 0.1204 0.171 0.1303 0.1501 0.1344 0.0741 0.0472 0.0411 0.0309 0.0228 0.0163 0.0135 0.01 0.0068 0.0042 0.004 0.0024 0.0016 0.0015 0.001 7e-04 3e-04 1e-04 5e-04 1e-04 0 1e-04 0 0 0 0 0 0 0 0 0 0 0
0.0628 0.0134 0.1308 0.1822 0.1339 0.1608 0.1366 0.0469 0.0279 0.0273 0.0202 0.0133 0.0129 0.0088 0.0072 0.0046 0.0028 0.0011 0.002 0.0013 0.0011 0.001 3e-04 4e-04 1e-04 1e-04 0 1e-04 0 0 1e-04 0 0 0 0 0 0 0 0 0
0.056 0.0276 0.2157 0.2494 0.0927 0.0799 0.0756 0.0501 0.0506 0.0387 0.0224 0.0119 0.0068 0.006 0.0036 0.0029 0.0038 0.0021 0.0012 8e-04 6e-04 5e-04 4e-04 2e-04 1e-04 1e-04 1e-04 2e-04 0 0 0 0 0 0 0 0 0 0 0 0
4e-04 0.015 0.1237 0.1608 0.127 0.1557 0.1266 0.0751 0.05 0.0437 0.031 0.0224 0.0203 0.0134 0.0097 0.0072 0.0047 0.0034 0.0024 0.0021 0.0019 0.0012 6e-04 7e-04 1e-04 5e-04 2e-04 1e-04 0 1e-04 0 0 0 0 0 0 0 0 0 0
0.0524 0.0146 0.12 0.1608 0.1203 0.1581 0.131 0.0643 0.0409 0.0346 0.0293 0.0176 0.017 0.0129 0.0077 0.0059 0.0029 0.002 0.0012 0.0019 9e-04 0.0015 5e-04 4e-04 3e-04 2e-04 0 5e-04 1e-04 1e-04 0 0 0 0 1e-04 0 0 0 0 0
0.1247 0.0149 0.1254 0.1713 0.1288 0.1676 0.1293 0.0379 0.026 0.0165 0.0154 0.0109 0.0097 0.008 0.0051 0.0023 0.0019 0.0013 5e-04 7e-04 5e-04 2e-04 3e-04 3e-04 1e-04 1e-04 2e-04 0 1e-04 0 0 0 0 0 0 0 0 0 0 0
0.0012 0.0253 0.2298 0.2515 0.0865 0.0826 0.077 0.0598 0.0574 0.0505 0.0298 0.0127 0.0078 0.0076 0.0057 0.0044 0.0027 0.0019 0.0012 0.0012 0.0012 7e-04 7e-04 2e-04 2e-04 1e-04 0 0 1e-04 0 0 2e-04 0 0 0 0 0 0 0 0
5e-04 0.0158 0.1211 0.1681 0.1239 0.154 0.129 0.0757 0.0473 0.0432 0.0318 0.0221 0.0205 0.0156 0.0094 0.0068 0.0027 0.0033 0.0022 0.0021 0.0012 0.0012 7e-04 3e-04 5e-04 3e-04 2e-04 4e-04 0 0 0 1e-04 0 0 0 0 0 0 0 0
0.0566 0.0158 0.1315 0.1798 0.1293 0.1703 0.1412 0.0457 0.03 0.026 0.0184 0.0134 0.012 0.0108 0.0066 0.0034 0.0017 0.0015 0.0011 0.0015 7e-04 0.001 6e-04 2e-04 3e-04 4e-04 0 2e-04 0 0 0 0 0 0 0 0 0 0 0 0
0.126 0.0142 0.1278 0.164 0.1279 0.1611 0.1209 0.0426 0.0254 0.0245 0.0189 0.0112 0.011 0.0075 0.0055 0.0029 0.0016 0.0025 7e-04 8e-04 8e-04 7e-04 8e-04 4e-04 0 1e-04 1e-04 0 1e-04 0 0 0 0 0 0 0 0 0 0 0
0.058 0.0291 0.2237 0.2605 0.0901 0.0876 0.0792 0.0393 0.042 0.0349 0.0198 0.0092 0.007 0.0048 0.0048 0.0019 0.0015 0.0014 0.0022 0.0013 4e-04 2e-04 2e-04 0 5e-04 1e-04 0 1e-04 2e-04 0 0 0 0 0 0 0 0 0 0 0
3e-04 0.016 0.1231 0.1656 0.1284 0.1522 0.1288 0.0744 0.0468 0.0406 0.0328 0.0224 0.0218 0.0138 0.011 0.0061 0.0031 0.0025 0.0025 0.0017 0.0022 0.0012 7e-04 6e-04 6e-04 2e-04 1e-04 4e-04 0 1e-04 0 0 0 0 0 0 0 0 0 0
0.0583 0.0149 0.1296 0.1669 0.1264 0.1743 0.1302 0.0495 0.0358 0.0304 0.0204 0.0171 0.0144 0.01 0.0067 0.0037 0.0022 0.0016 0.0014 0.0021 0.0012 6e-04 7e-04 7e-04 3e-04 2e-04 0 0 1e-04 1e-04 0 1e-04 1e-04 0 0 0 0 0 0 0
0.0011 0.0264 0.2107 0.2557 0.0932 0.0821 0.083 0.0623 0.0539 0.05 0.0298 0.013 0.0088 0.007 0.0055 0.0044 0.0039 0.0035 0.0013 0.0012 9e-04 3e-04 4e-04 7e-04 0 2e-04 0 2e-04 2e-04 2e-04 0 1e-04 0 0 0 0 0 0 0 0
0.0518 0.0135 0.1146 0.1561 0.1213 0.147 0.1305 0.0644 0.0437 0.0412 0.0295 0.0216 0.02 0.0145 0.0082 0.0073 0.0036 0.0019 0.0022 0.0021 0.001 9e-04 9e-04 0.0011 5e-04 3e-04 1e-04 0 0 1e-04 0 1e-04 0 0 0 0 0 0 0 0
0.0582 0.017 0.1295 0.1728 0.14 0.1763 0.1351 0.0459 0.0292 0.0251 0.0184 0.0138 0.0108 0.0092 0.0058 0.0029 0.0023 0.0015 0.001 0.001 8e-04 0.0011 7e-04 4e-04 5e-04 1e-04 3e-04 2e-04 0 0 1e-04 0 0 0 0 0 0 0 0 0
0.1264 0.0163 0.1243 0.1602 0.1277 0.1542 0.1237 0.043 0.0284 0.0255 0.0186 0.0128 0.0111 0.0095 0.0056 0.003 0.0022 0.0016 0.0019 0.001 0.0012 4e-04 4e-04 5e-04 2e-04 2e-04 0 1e-04 0 0 0 0 0 0 0 0 0 0 0 0
3e-04 0.0127 0.1208 0.1624 0.1224 0.1598 0.1351 0.0711 0.0477 0.0438 0.0324 0.0227 0.0195 0.015 0.0101 0.0063 0.0048 0.0034 0.0029 0.0019 9e-04 0.0011 5e-04 6e-04 9e-04 5e-04 2e-04 2e-04 0 0 0 0 0 0 0 0 0 0 0 0
3e-04 0.0148 0.1185 0.1575 0.126 0.154 0.14 0.0725 0.0522 0.0429 0.0335 0.0229 0.0203 0.0163 0.008 0.0069 0.0028 0.0027 0.0015 0.0021 0.001 0.001 6e-04 6e-04 1e-04 3e-04 1e-04 1e-04 0 1e-04 0 3e-04 0 1e-04 0 0 0 0 0 0
0.054 0.0175 0.1372 0.1763 0.143 0.1675 0.1378 0.0469 0.0274 0.0238 0.0172 0.0124 0.0101 0.0094 0.0074 0.0031 0.0025 0.0013 0.0012 0.0012 0.001 4e-04 4e-04 5e-04 2e-04 0 1e-04 0 0 0 0 1e-04 0 1e-04 0 0 0 0 0 0
0.0013 0.0245 0.2191 0.2514 0.0904 0.0863 0.0774 0.0638 0.056 0.0503 0.0311 0.0124 0.0084 0.0068 0.0054 0.0038 0.0027 0.0028 0.0017 0.0018 0.001 4e-04 4e-04 3e-04 2e-04 1e-04 1e-04 0 0 1e-04 0 0 0 0 0 0 0 0 0 0
0.0569 0.0262 0.2151 0.2569 0.0899 0.0806 0.0795 0.0407 0.0478 0.0392 0.0227 0.0108 0.0086 0.0056 0.0059 0.0032 0.0014 0.0019 0.002 0.0019 7e-04 3e-04 6e-04 6e-04 4e-04 2e-04 1e-04 0 1e-04 2e-04 0 0 0 0 0 0 0 0 0 0
0.0488 0.0141 0.1239 0.1691 0.1224 0.1546 0.127 0.0654 0.0421 0.035 0.024 0.0208 0.0158 0.0115 0.0083 0.0044 0.003 0.0019 0.0016 0.0013 7e-04 0.0013 8e-04 7e-04 6e-04 4e-04 2e-04 1e-04 1e-04 0 0 0 1e-04 0 0 0 0 0 0 0
0.0536 0.016 0.14 0.174 0.1353 0.1719 0.1373 0.0439 0.0298 0.0256 0.018 0.0128 0.0126 0.0091 0.006 0.0034 0.0028 0.0016 0.0026 0.0013 8e-04 6e-04 1e-04 4e-04 3e-04 1e-04 1e-04 0 0 0 0 0 0 0 0 0 0 0 0 0
0.1279 0.0131 0.1234 0.1707 0.1327 0.169 0.1316 0.0339 0.0218 0.0184 0.0139 0.011 0.009 0.0075 0.0042 0.0038 0.0023 0.0011 0.0013 0.001 9e-04 3e-04 5e-04 4e-04 2e-04 1e-04 0 0 0 0 0 0 0 0 0 0 0 0 0 0
2e-04 0.013 0.1148 0.1638 0.1215 0.1619 0.1339 0.0786 0.0468 0.0438 0.0309 0.0235 0.0204 0.0148 0.0107 0.0062 0.0037 0.0033 0.002 0.0015 9e-04 9e-04 0.0012 6e-04 6e-04 2e-04 1e-04 1e-04 1e-04 0 0 0 0 0 0 0 0 0 0 0
0.1239 0.0128 0.1273 0.1569 0.1239 0.1576 0.1316 0.0442 0.0295 0.0259 0.0166 0.0136 0.0087 0.0099 0.0058 0.0039 0.0015 0.0018 0.0018 7e-04 5e-04 6e-04 4e-04 1e-04 3e-04 0 1e-04 0 1e-04 0 0 0 0 0 0 0 0 0 0 0
5e-04 0.0292 0.2172 0.2479 0.0953 0.0823 0.0773 0.0597 0.0604 0.0497 0.032 0.0122 0.0083 0.0083 0.0057 0.0038 0.0024 0.0025 0.002 0.0011 8e-04 4e-04 2e-04 2e-04 3e-04 0 0 0 1e-04 1e-04 0 0 0 0 0 0 1e-04 0 0 0
0.0622 0.0271 0.2251 0.2585 0.0885 0.0862 0.0787 0.0395 0.0426 0.0338 0.0226 0.0095 0.0063 0.0045 0.0048 0.0024 0.0021 0.0014 0.0014 0.0012 5e-04 1e-04 4e-04 1e-04 0 1e-04 0 3e-04 0 1e-04 0 0 0 0 0 0 0 0 0 0
0.0531 0.0158 0.1337 0.1727 0.1341 0.1686 0.1246 0.0495 0.0339 0.0302 0.0207 0.0152 0.0145 0.0103 0.0071 0.0046 0.0023 0.0026 0.002 0.001 0.0011 9e-04 5e-04 2e-04 4e-04 1e-04 1e-04 2e-04 0 0 0 0 0 0 0 0 0 0 0 0
0.0581 0.0149 0.1357 0.1768 0.1316 0.1736 0.1361 0.0476 0.0286 0.0237 0.0178 0.0161 0.0109 0.0083 0.0049 0.0045 0.0027 0.0018 0.0017 8e-04 0.001 0.0011 5e-04 5e-04 2e-04 2e-04 0 1e-04 2e-04 0 0 0 0 0 0 0 0 0 0 0
4e-04 0.0284 0.2169 0.253 0.0909 0.0825 0.0799 0.0591 0.0591 0.0514 0.0241 0.0143 0.0098 0.0076 0.0058 0.0051 0.0029 0.0032 0.0018 0.0019 4e-04 5e-04 1e-04 0 2e-04 3e-04 0 2e-04 1e-04 0 0 0 1e-04 0 0 0 0 0 0 0
5e-04 0.0154 0.1195 0.1663 0.1232 0.1558 0.1296 0.0762 0.0499 0.0442 0.0312 0.0237 0.0193 0.0137 0.0091 0.0073 0.0037 0.0041 0.0018 0.0015 8e-04 9e-04 7e-04 7e-04 2e-04 2e-04 3e-04 2e-04 0 0 0 0 0 0 0 0 0 0 0 0
0.0467 0.0143 0.1172 0.1537 0.122 0.1427 0.1244 0.0701 0.0475 0.0407 0.0326 0.0213 0.0195 0.0169 0.0098 0.007 0.0038 0.0025 0.0015 0.0013 0.001 9e-04 7e-04 9e-04 5e-04 2e-04 1e-04 0 1e-04 0 1e-04 0 0 0 0 0 0 0 0 0
0.1279 0.0144 0.1249 0.1695 0.1244 0.1626 0.1185 0.0412 0.027 0.0248 0.0173 0.0105 0.0097 0.0091 0.0056 0.0037 0.0023 0.0018 8e-04 0.001 0.0011 5e-04 4e-04 2e-04 2e-04 3e-04 1e-04 2e-04 0 0 0 0 0 0 0 0 0 0 0 0
0.0011 0.0296 0.2194 0.2548 0.0899 0.0799 0.0809 0.0528 0.0579 0.0521 0.0281 0.0122 0.0094 0.0076 0.0057 0.0056 0.0037 0.0027 0.0021 0.0015 7e-04 6e-04 3e-04 5e-04 4e-04 1e-04 1e-04 2e-04 1e-04 0 0 0 0 0 0 0 0 0 0 0
6e-04 0.0137 0.1201 0.1613 0.1252 0.1559 0.1338 0.0732 0.0517 0.0406 0.0318 0.0249 0.0198 0.0149 0.0115 0.0064 0.0032 0.0037 0.0019 0.0017 0.001 9e-04 8e-04 3e-04 3e-04 2e-04 2e-04 1e-04 0 2e-04 0 0 0 0 1e-04 0 0 0 0 0
0.0593 0.015 0.1283 0.1732 0.1347 0.174 0.1468 0.0454 0.0279 0.0228 0.0193 0.0128 0.0129 0.0084 0.0071 0.0027 0.0026 0.0013 5e-04 0.0012 0.0011 0.001 5e-04 5e-04 2e-04 1e-04 1e-04 0 0 0 1e-04 1e-04 0 1e-04 0 0 0 0 0 0
0.0565 0.0243 0.2193 0.2435 0.099 0.0785 0.0775 0.0452 0.0452 0.0405 0.0279 0.0115 0.0085 0.0059 0.0044 0.0029 0.0035 0.0024 0.0016 7e-04 3e-04 2e-04 1e-04 2e-04 1e-04 0 3e-04 0 0 0 0 0 0 0 0 0 0 0 0 0
6e-04 0.0143 0.1206 0.1601 0.125 0.1611 0.1245 0.0767 0.05 0.0458 0.0329 0.0216 0.02 0.0143 0.0119 0.0053 0.0045 0.0028 0.002 0.002 5e-04 0.0019 1e-04 6e-04 2e-04 2e-04 1e-04 1e-04 2e-04 1e-04 0 0 0 0 0 0 0 0 0 0
0.0524 0.0147 0.1282 0.1608 0.1265 0.1523 0.1288 0.0584 0.0395 0.0376 0.0261 0.0182 0.0166 0.0133 0.0085 0.0043 0.0025 0.0035 0.002 0.0013 0.0011 0.0017 5e-04 4e-04 5e-04 2e-04 0 0 1e-04 0 0 0 0 0 0 0 0 0 0 0
0.1317 0.0163 0.1293 0.1565 0.127 0.1676 0.1317 0.0378 0.0248 0.0209 0.0159 0.0104 0.0083 0.0063 0.0047 0.0038 0.0018 0.0011 6e-04 3e-04 0.0011 6e-04 5e-04 1e-04 4e-04 1e-04 1e-04 1e-04 1e-04 0 0 0 0 0 0 0 1e-04 0 0 0
8e-04 0.0264 0.2115 0.2568 0.0933 0.0758 0.0784 0.0613 0.0594 0.0524 0.0272 0.0151 0.0089 0.0085 0.0053 0.0048 0.0035 0.0027 0.0026 0.0016 7e-04 8e-04 4e-04 5e-04 4e-04 2e-04 3e-04 2e-04 2e-04 0 0 0 0 0 0 0 0 0 0 0
6e-04 0.0126 0.1211 0.1617 0.1251 0.1589 0.1294 0.0757 0.0495 0.0428 0.0319 0.0223 0.02 0.0173 0.011 0.0048 0.0035 0.0032 0.0031 0.0018 0.0013 7e-04 3e-04 3e-04 4e-04 2e-04 1e-04 2e-04 1e-04 1e-04 0 0 0 0 0 0 0 0 0 0
0.0555 0.0161 0.1377 0.1742 0.136 0.1671 0.142 0.0476 0.0283 0.0249 0.0185 0.0111 0.0123 0.0091 0.0065 0.003 0.0031 0.0022 0.0014 0.001 5e-04 2e-04 9e-04 3e-04 0 0 3e-04 0 1e-04 1e-04 0 0 0 0 0 0 0 0 0 0
# number of catch months
154
# all catch months
3 4 5 6 10 11 12 15 16 17 18 22 23 24 27 28 29 30 34 35 36 39 40 41 42 46 47 48 51 52 53 54 58 59 60 63 64 65 66 70 71 72 75 76 77 78 82 83 84 87 88 89 90 94 95 96 99 100 101 102 106 107 108 111 112 113 114 118 119 120 123 124 125 126 130 131 132 135 136 137 138 142 143 144 147 148 149 150 154 155 156 159 160 161 162 166 167 168 171 172 173 174 178 179 180 183 184 185 186 190 191 192 195 196 197 198 202 203 204 207 208 209 210 214 215 216 219 220 221 222 226 227 228 231 232 233 234 238 239 240 243 244 245 246 250 251 252 255 256 257 258 262 263 264
# catch numbers
4645.918 3834.835 3545.052 2378.793 4300563 3549753 2669669 1968245 18842509 14612323 11051794 28822384 22938703 17133551 10495248 38242086 28885663 20740755 36585232 26849319 21846075 14401861 40665186 29060644 21928804 37551131 26654907 20715922 13127326 40105344 31298843 24194504 36623926 27088717 20113887 12767928 39317784 30316844 22772589 39828735 28283624 20423224 13841710 40903826 30783248 24963615 35137572 29348335 21346028 13322040 39755112 31594451 22723865 37586583 27406479 22690065 13953351 40226070 27597212 23184828 40100766 27640815 19577061 14709635 37618471 31639055 22625843 36778959 28204816 20806603 14833059 38814097 30431808 21174812 31272129 29271515 22782323 12750353 43728953 31104872 22372740 35998819 27267402 21745053 12993112 40104622 30822555 23758069 37605983 25292870 20771964 13650844 46346393 31619217 24245696 38521723 27194753 23024972 16087332 40744301 30212555 24440966 36161445 26850876 20407856 14095467 39438142 30498213 22998432 37679838 26790436 21418031 14001018 40965392 32878386 23542784 33393265 28456743 23428293 13220346 39674748 31207421 24302083 36015988 29026358 22395137 13921181 42176139 32748822 22230902 39201142 28608739 20498872 14834770 41480949 29120646 21653424 36286437 29906779 23443878 13170319 39359004 30912664 22879579 36147277 29265517 23028861 13846375 35960688 31374150 22774410 37575155 26558880 19808180
# catch size composition
0 0 0 0 0 0 0.0034 0.0775 0.1109 0.1051 0.065 0.0297 0.0091 0.0034 0.0028 0.0072 0.0115 0.024 0.0276 0.0401 0.0464 0.0438 0.0431 0.0351 0.0235 0.0198 0.0085 0.0044 0.0023 0.0012 2e-04 3e-04 3e-04 5e-04 6e-04 0.0014 0.0024 0.0029 0.0028 0.2432
0 0 0 2e-04 0.0042 0.0214 0.012 0.0574 0.0291 0.0392 0.0568 0.0689 0.0755 0.0631 0.0413 0.0202 0.0112 0.0087 0.0135 0.0169 0.028 0.0294 0.034 0.0313 0.0271 0.0249 0.0212 0.0177 0.01 0.0091 0.0054 0.0031 0.0023 0.0011 9e-04 8e-04 0.0021 0.0021 0.0026 0.2073
0 0 0 1e-04 0.0053 0.0244 0.0164 0.0566 0.0293 0.0388 0.0566 0.0674 0.0729 0.0559 0.0405 0.0245 0.0112 0.0092 0.0118 0.0187 0.0267 0.0319 0.0314 0.0339 0.0294 0.0289 0.022 0.0157 0.0116 0.0081 0.0049 0.0031 0.0015 0.0012 8e-04 0.0012 9e-04 0.0018 0.0034 0.202
0 0 1e-04 2e-04 0.0066 0.0283 0.0207 0.057 0.0338 0.0396 0.0553 0.0646 0.0674 0.0568 0.038 0.0219 0.0121 0.009 0.0106 0.0188 0.0255 0.0308 0.0296 0.0363 0.0288 0.0263 0.0212 0.0183 0.0112 0.007 0.0058 0.003 0.0019 0.001 7e-04 0.0011 0.0011 0.0019 0.0035 0.2042
0 0 0 0 0 0.0012 0.1837 0.6616 0.1421 0.0111 2e-04 0 0 0 0 0 0 0 0 0 0 0 0 0 0 0 0 0 0 0 0 0 0 0 0 0 0 0 0 1e-04
0 0 0 0 0 0.0017 0.2063 0.6499 0.1283 0.0131 6e-04 0 1e-04 0 0 0 0 0 0 0 0 0 0 0 0 0 0 0 0 0 0 0 0 0 0 0 0 0 0 0
0 0 0 0 1e-04 0.0013 0.2388 0.6249 0.1215 0.0124 5e-04 1e-04 1e-04 0 0 0 0 0 0 0 0 0 0 0 0 2e-04 0 0 0 0 0 0 0 0 0 0 0 0 0 1e-04
0 0 0 0 0 0.0027 0.2718 0.5978 0.1161 0.0106 5e-04 0 0 0 1e-04 0 1e-04 0 1e-04 0 0 2e-04 0 0 0 0 0 0 0 0 0 0 0 0 0 0 0 0 0 0
0 0 0 0 0 4e-04 0.0488 0.3176 0.2755 0.2095 0.1029 0.0346 0.0088 0.0015 4e-04 0 0 0 0 0 0 0 0 0 0 0 0 0 0 0 0 0 0 0 0 0 0 0 0 0
0 0 0 0 0 6e-04 0.0602 0.3173 0.2632 0.208 0.1086 0.0333 0.0072 0.0014 2e-04 0 0 0 0 0 0 0 0 0 0 0 0 0 0 0 0 0 0 0 0 0 0 0 0 0
0 0 0 0 0 3e-04 0.0708 0.3143 0.2647 0.2 0.1083 0.032 0.0079 0.0014 3e-04 0 0 0 0 0 0 0 0 0 0 0 0 0 0 0 0 0 0 0 0 0 0 0 0 0
0 0 0 0 0 4e-04 0.0609 0.2989 0.1981 0.1608 0.1098 0.0593 0.0464 0.0349 0.0183 0.0079 0.0031 8e-04 4e-04 0 0 0 0 0 0 0 0 0 0 0 0 0 0 0 0 0 0 0 0 0
0 0 0 0 0 4e-04 0.0667 0.2935 0.2025 0.1573 0.1056 0.0614 0.0458 0.0314 0.0208 0.0098 0.0037 0.001 1e-04 0 0 0 0 0 0 0 0 0 0 0 0 0 0 0 0 0 0 0 0 0
0 0 0 0 0 0.0011 0.0805 0.2952 0.1932 0.1552 0.1067 0.0615 0.0468 0.0336 0.0146 0.0072 0.0034 9e-04 1e-04 0 0 0 0 0 0 0 0 0 0 0 0 0 0 0 0 0 0 0 0 0
0 0 0 0 0 0.0011 0.0981 0.2871 0.1907 0.1447 0.1065 0.0612 0.0474 0.0339 0.018 0.008 0.0022 6e-04 4e-04 1e-04 0 0 0 0 0 0 0 0 0 0 0 0 0 0 0 0 0 0 0 0
0 0 0 0 0 2e-04 0.0281 0.2314 0.2474 0.2062 0.1219 0.0533 0.0336 0.0262 0.0203 0.0126 0.0071 0.0049 0.0039 0.002 4e-04 3e-04 1e-04 1e-04 0 0 0 0 0 0 0 0 0 0 0 0 0 0 0 0
0 0 0 0 0 1e-04 0.0343 0.2303 0.2465 0.1996 0.1189 0.0569 0.0368 0.0236 0.0176 0.0121 0.0089 0.0063 0.0035 0.003 0.0012 3e-04 1e-04 0 0 0 0 0 0 0 0 0 0 0 0 0 0 0 0 0
0 0 0 0 0 4e-04 0.0388 0.2369 0.2348 0.2111 0.1139 0.0541 0.0329 0.0249 0.0162 0.0133 0.0086 0.0063 0.004 0.0027 8e-04 3e-04 0 0 0 0 0 0 0 0 0 0 0 0 0 0 0 0 0 0
0 0 0 0 0 1e-04 0.0424 0.2437 0.1664 0.1487 0.1096 0.0773 0.0673 0.0521 0.0374 0.0183 0.0127 0.0098 0.0052 0.0037 0.0021 0.001 8e-04 7e-04 4e-04 2e-04 0 0 1e-04 0 0 0 0 0 0 0 0 0 0 0
0 0 0 0 0 2e-04 0.0521 0.2398 0.1695 0.1495 0.1066 0.0781 0.0619 0.0519 0.0363 0.0176 0.0109 0.0094 0.0053 0.0035 0.0029 0.0014 0.0017 9e-04 2e-04 2e-04 1e-04 0 0 0 0 0 0 0 0 0 0 0 0 0
0 0 0 0 0 2e-04 0.0651 0.2377 0.171 0.1448 0.1066 0.0764 0.0638 0.0483 0.0332 0.0174 0.0102 0.0087 0.0063 0.0039 0.002 0.002 0.0011 7e-04 2e-04 2e-04 2e-04 0 0 0 0 0 0 0 0 0 0 0 0 0
0 0 0 0 0 3e-04 0.0774 0.2412 0.1661 0.1376 0.1004 0.0742 0.0677 0.05 0.0332 0.0172 0.0117 0.0079 0.0042 0.0033 0.0024 0.0013 0.0021 9e-04 4e-04 4e-04 1e-04 0 0 0 0 0 0 0 0 0 0 0 0 0
0 0 0 0 0 4e-04 0.0271 0.219 0.2291 0.1952 0.1179 0.0566 0.0385 0.0275 0.0254 0.0176 0.0132 0.0111 0.0072 0.0043 0.0033 0.0023 0.0014 9e-04 4e-04 6e-04 5e-04 1e-04 2e-04 1e-04 1e-04 0 0 0 0 0 0 0 0 0
0 0 0 0 0 1e-04 0.0311 0.2189 0.2349 0.1975 0.1154 0.0545 0.0373 0.0276 0.0212 0.0148 0.0125 0.0114 0.0069 0.0059 0.0034 0.0027 0.0013 0.0011 4e-04 5e-04 3e-04 1e-04 0 2e-04 0 0 0 0 0 0 0 0 0 0
0 0 0 0 0 4e-04 0.0399 0.2211 0.2269 0.1952 0.1167 0.0568 0.0349 0.0277 0.0193 0.0167 0.0133 0.0103 0.0078 0.0047 0.003 0.0019 0.001 9e-04 8e-04 2e-04 1e-04 3e-04 0 1e-04 0 0 0 0 0 0 0 0 0 0
0 0 0 0 0 4e-04 0.0425 0.2298 0.1681 0.1501 0.1069 0.0796 0.066 0.05 0.0364 0.0187 0.0115 0.0092 0.0104 0.0045 0.0052 0.0039 0.0017 0.0014 0.0015 9e-04 7e-04 4e-04 2e-04 0 0 0 0 0 0 0 0 0 0 0
0 0 0 0 0 6e-04 0.0556 0.2339 0.1649 0.1431 0.1036 0.0775 0.0645 0.0493 0.036 0.0183 0.0138 0.0099 0.0095 0.0057 0.0053 0.003 0.002 0.0013 8e-04 7e-04 1e-04 2e-04 0 0 1e-04 2e-04 1e-04 0 0 0 0 0 0 0
0 0 0 0 0 4e-04 0.0638 0.232 0.1611 0.1415 0.103 0.0779 0.0656 0.0506 0.0332 0.0196 0.0129 0.0093 0.0089 0.0055 0.0048 0.0033 0.0022 0.0011 0.0013 0.001 5e-04 1e-04 1e-04 2e-04 1e-04 0 0 0 0 0 0 0 0 0
0 0 0 0 0 8e-04 0.076 0.2345 0.1608 0.1392 0.0999 0.0721 0.0643 0.0521 0.0342 0.019 0.0128 0.0083 0.0069 0.0054 0.0039 0.0028 0.003 0.0015 0.0013 4e-04 4e-04 2e-04 0 1e-04 1e-04 0 0 0 0 0 0 0 0 0
0 0 0 0 0 1e-04 0.0293 0.2207 0.2283 0.1958 0.1113 0.0575 0.036 0.031 0.023 0.0163 0.0139 0.0112 0.0081 0.0055 0.003 0.0022 0.0019 0.0016 0.0013 0.001 3e-04 3e-04 2e-04 1e-04 1e-04 0 0 0 0 0 0 0 0 0
0 0 0 0 0 3e-04 0.0326 0.2156 0.2229 0.203 0.1174 0.0533 0.035 0.0271 0.0223 0.0178 0.0138 0.0115 0.0073 0.0067 0.0043 0.0026 0.0017 0.0013 0.0012 5e-04 4e-04 5e-04 5e-04 2e-04 2e-04 0 0 0 0 0 0 0 0 0
0 0 0 0 0 2e-04 0.0374 0.2235 0.2303 0.1915 0.113 0.0546 0.0309 0.0288 0.0218 0.0176 0.0132 0.0117 0.0086 0.0047 0.0039 0.0023 0.002 0.0013 6e-04 7e-04 6e-04 3e-04 0 4e-04 0 1e-04 0 0 0 0 0 0 0 0
0 0 0 0 0 7e-04 0.0435 0.2346 0.1754 0.1432 0.1049 0.0725 0.0652 0.0539 0.0342 0.0189 0.0137 0.0094 0.0065 0.0062 0.0049 0.004 0.0028 0.0023 8e-04 7e-04 5e-04 4e-04 3e-04 1e-04 2e-04 1e-04 1e-04 0 0 0 0 0 0 0
0 0 0 0 0 5e-04 0.0548 0.2347 0.1646 0.1391 0.1056 0.0723 0.0617 0.0519 0.0384 0.0225 0.012 0.0096 0.0081 0.0072 0.0046 0.0046 0.0022 0.0016 0.001 9e-04 6e-04 8e-04 1e-04 1e-04 1e-04 2e-04 1e-04 0 0 0 0 1e-04 0 0
0 0 0 0 0 5e-04 0.0616 0.2344 0.1593 0.1373 0.1069 0.0769 0.0638 0.0514 0.0333 0.0191 0.0145 0.0086 0.0089 0.0063 0.0056 0.0033 0.0023 0.0024 0.0012 7e-04 5e-04 3e-04 5e-04 0 1e-04 3e-04 0 0 0 0 0 0 0 0
0 0 0 0 0 7e-04 0.0727 0.2396 0.1611 0.1379 0.0984 0.0757 0.06 0.0499 0.0305 0.0189 0.0124 0.0107 0.0081 0.0064 0.0052 0.0025 0.0024 0.0029 0.0013 0.001 4e-04 4e-04 2e-04 2e-04 3e-04 2e-04 0 0 0 0 0 0 0 0
0 0 0 0 0 7e-04 0.0258 0.2202 0.2302 0.1943 0.1148 0.0532 0.035 0.0323 0.022 0.0164 0.0157 0.0102 0.0087 0.0067 0.0049 0.0023 0.0014 0.0016 0.0011 0.0011 2e-04 3e-04 3e-04 2e-04 1e-04 2e-04 0 0 1e-04 0 0 0 0 0
0 0 0 0 0 0 0.0287 0.219 0.2393 0.1943 0.1138 0.059 0.0341 0.0284 0.0217 0.0142 0.0127 0.0116 0.0071 0.0057 0.0028 0.0021 0.002 0.001 7e-04 6e-04 1e-04 5e-04 1e-04 2e-04 3e-04 0 0 0 0 0 0 0 0 0
0 0 0 0 0 5e-04 0.038 0.2278 0.2258 0.1887 0.11 0.055 0.0352 0.0264 0.0203 0.0158 0.0148 0.0124 0.009 0.0065 0.0032 0.0034 0.0023 0.0017 0.0012 7e-04 1e-04 2e-04 5e-04 1e-04 1e-04 3e-04 0 0 0 0 0 0 0 0
0 0 0 0 0 5e-04 0.0477 0.2353 0.1676 0.1385 0.1067 0.0775 0.0655 0.051 0.0369 0.0197 0.0133 0.0087 0.0086 0.0059 0.0036 0.0037 0.0029 0.0019 0.0017 0.0013 2e-04 5e-04 2e-04 2e-04 1e-04 0 1e-04 1e-04 1e-04 0 0 0 0 0
0 0 0 0 0 2e-04 0.0487 0.2503 0.1618 0.1402 0.1018 0.0853 0.0656 0.0483 0.029 0.0173 0.0126 0.0087 0.0073 0.0063 0.0038 0.0045 0.0028 0.0024 6e-04 9e-04 3e-04 4e-04 5e-04 1e-04 1e-04 1e-04 0 1e-04 0 0 0 0 0 0
0 0 0 0 0 6e-04 0.0611 0.2396 0.1634 0.1388 0.1032 0.0734 0.0616 0.0515 0.0333 0.021 0.0124 0.0096 0.0083 0.0059 0.004 0.0031 0.0029 0.0019 0.0018 0.0012 5e-04 3e-04 0 3e-04 2e-04 1e-04 0 0 0 0 0 0 0 0
0 0 0 0 0 1e-04 0.0741 0.237 0.1584 0.1392 0.0999 0.0746 0.0631 0.0454 0.0327 0.0229 0.013 0.0085 0.0076 0.0065 0.0051 0.0037 0.003 0.0013 0.001 0.0011 6e-04 3e-04 4e-04 1e-04 2e-04 0 0 1e-04 0 0 1e-04 0 0 0
0 0 0 0 0 2e-04 0.0297 0.2156 0.231 0.1962 0.1193 0.0529 0.037 0.0273 0.0226 0.0185 0.0123 0.0099 0.0084 0.0056 0.0037 0.0029 0.0016 0.0016 0.0013 0.001 6e-04 2e-04 2e-04 0 2e-04 1e-04 1e-04 0 0 0 0 0 0 0
0 0 0 0 0 2e-04 0.0339 0.2182 0.2286 0.1955 0.1137 0.0554 0.0346 0.0301 0.0233 0.0167 0.0159 0.0088 0.0073 0.0048 0.0046 0.0026 0.002 9e-04 7e-04 7e-04 6e-04 2e-04 5e-04 0 0 0 2e-04 0 0 0 0 0 0 0
0 0 0 0 0 4e-04 0.0375 0.2239 0.2249 0.1913 0.1112 0.0577 0.0358 0.0296 0.0234 0.0147 0.0131 0.0102 0.0076 0.0055 0.0039 0.003 0.0018 7e-04 0.0014 0.001 6e-04 4e-04 2e-04 0 0 1e-04 1e-04 0 0 0 0 0 0 0
0 0 0 0 0 2e-04 0.0436 0.2344 0.1657 0.1488 0.1039 0.0792 0.0651 0.0511 0.0364 0.0198 0.0141 0.0075 0.0062 0.0062 0.0045 0.0043 0.0028 0.0016 0.0015 5e-04 0.001 5e-04 4e-04 1e-04 5e-04 0 0 0 0 1e-04 0 0 0 0
0 0 0 0 0 4e-04 0.0523 0.2333 0.1643 0.1424 0.1063 0.0788 0.0676 0.0523 0.0318 0.0205 0.0102 0.011 0.0081 0.0048 0.0047 0.003 0.0025 0.0017 0.0015 0.0012 3e-04 4e-04 1e-04 3e-04 1e-04 0 0 1e-04 0 0 0 0 0 0
0 0 0 0 0 5e-04 0.0605 0.2342 0.1636 0.1398 0.1075 0.0703 0.0658 0.05 0.0353 0.0187 0.012 0.0102 0.0096 0.0061 0.0044 0.0027 0.0025 0.002 0.0016 9e-04 0.001 1e-04 1e-04 0 1e-04 2e-04 1e-04 2e-04 0 0 0 0 0 0
0 0 0 0 0 7e-04 0.0771 0.2341 0.1628 0.1353 0.1016 0.0705 0.0628 0.0526 0.0326 0.0214 0.013 0.0091 0.0051 0.0059 0.0053 0.0029 0.002 0.0016 0.0014 7e-04 6e-04 4e-04 3e-04 0 0 1e-04 0 0 0 1e-04 0 0 0 0
0 0 0 0 0 1e-04 0.0316 0.2105 0.2305 0.1998 0.1179 0.0565 0.0348 0.0274 0.021 0.0158 0.0147 0.0132 0.0075 0.0061 0.0038 0.0023 0.0015 0.001 0.0013 8e-04 9e-04 6e-04 1e-04 2e-04 0 0 0 1e-04 0 0 0 0 0 0
0 0 0 0 0 2e-04 0.0302 0.2178 0.2251 0.1972 0.1144 0.0537 0.038 0.0293 0.0209 0.0183 0.0174 0.0098 0.0086 0.0057 0.0036 0.0028 0.0024 0.0015 5e-04 0.001 6e-04 5e-04 3e-04 1e-04 1e-04 0 0 0 0 0 0 0 0 0
0 0 0 0 0 4e-04 0.0392 0.2218 0.2301 0.1909 0.1138 0.0545 0.0341 0.0273 0.0226 0.0159 0.0137 0.0106 0.0074 0.0059 0.0036 0.0032 5e-04 0.0012 0.0011 3e-04 4e-04 6e-04 2e-04 4e-04 0 1e-04 2e-04 0 0 0 0 0 0 0
0 0 0 0 0 6e-04 0.0472 0.236 0.1665 0.1408 0.1049 0.0756 0.0661 0.0547 0.0344 0.0194 0.0127 0.0108 0.0074 0.0071 0.004 0.0025 0.0022 0.002 0.0018 0.0012 5e-04 4e-04 5e-04 2e-04 2e-04 2e-04 0 1e-04 0 0 0 0 0 0
0 0 0 0 0 4e-04 0.0524 0.2403 0.1686 0.1411 0.106 0.0706 0.0631 0.0504 0.0374 0.0173 0.0135 0.0105 0.0088 0.0057 0.0042 0.003 0.0011 0.0017 0.0012 7e-04 7e-04 2e-04 7e-04 3e-04 1e-04 0 0 0 0 0 0 0 0 0
0 0 0 0 0 4e-04 0.0661 0.2369 0.1654 0.1387 0.1024 0.0724 0.0652 0.0482 0.0332 0.0212 0.0134 0.0083 0.0082 0.0048 0.0045 0.0026 0.0016 0.0015 0.0017 9e-04 0.0011 5e-04 4e-04 3e-04 1e-04 0 0 0 0 0 0 0 0 0
0 0 0 0 0 0.0011 0.0682 0.2384 0.1626 0.1343 0.1031 0.0729 0.0614 0.0523 0.0332 0.018 0.0141 0.0091 0.0081 0.0068 0.0046 0.0029 0.003 0.002 9e-04 5e-04 0.0012 8e-04 3e-04 1e-04 0 0 0 1e-04 0 0 0 0 0 0
0 0 0 0 0 0 0.0267 0.2138 0.2309 0.1959 0.1201 0.0552 0.0377 0.0289 0.0249 0.0157 0.0134 0.0109 0.0075 0.0063 0.0043 0.0027 0.0015 0.001 0.0011 5e-04 1e-04 5e-04 1e-04 0 1e-04 2e-04 0 0 0 0 0 0 0 0
0 0 0 0 0 3e-04 0.0332 0.2265 0.2303 0.1917 0.117 0.051 0.0352 0.0274 0.0228 0.0175 0.0136 0.0093 0.0078 0.0047 0.0042 0.0019 0.0012 7e-04 0.0012 4e-04 9e-04 3e-04 4e-04 1e-04 1e-04 2e-04 0 0 0 1e-04 0 0 0 0
0 0 0 0 0 1e-04 0.039 0.2211 0.2207 0.1967 0.1184 0.0499 0.0365 0.028 0.0224 0.0169 0.0153 0.0115 0.0086 0.0055 0.0025 0.002 0.0012 6e-04 9e-04 7e-04 8e-04 1e-04 3e-04 0 1e-04 1e-04 0 0 0 1e-04 0 0 0 0
0 0 0 0 0 5e-04 0.0453 0.2365 0.1675 0.1336 0.1119 0.0795 0.0678 0.0502 0.0333 0.021 0.0135 0.0089 0.0082 0.0057 0.0045 0.0031 0.0033 0.0024 0.0013 8e-04 3e-04 4e-04 3e-04 1e-04 0 0 0 1e-04 0 0 0 0 0 0
0 0 0 0 0 1e-04 0.0513 0.2422 0.1673 0.1409 0.1075 0.0719 0.0644 0.0507 0.0328 0.02 0.0127 0.0083 0.0065 0.0066 0.0035 0.0051 0.0021 0.0021 0.0012 7e-04 7e-04 5e-04 5e-04 0 1e-04 1e-04 2e-04 0 0 0 0 0 0 0
0 0 0 0 0 7e-04 0.0661 0.232 0.1573 0.1411 0.1047 0.0736 0.0645 0.0524 0.0337 0.0207 0.0145 0.0109 0.0076 0.0064 0.0029 0.0032 0.0031 0.0018 0.0018 1e-04 3e-04 4e-04 1e-04 0 0 1e-04 0 0 0 0 0 0 0 0
0 0 0 0 0 7e-04 0.0717 0.2382 0.1559 0.131 0.1035 0.0779 0.064 0.0512 0.0332 0.0208 0.0137 0.0096 0.008 0.0058 0.0028 0.0021 0.0031 0.0026 0.002 0.001 4e-04 2e-04 2e-04 2e-04 1e-04 1e-04 0 0 0 0 0 0 0 0
0 0 0 0 0 1e-04 0.0295 0.2158 0.2355 0.1932 0.1163 0.0529 0.0366 0.0293 0.0218 0.0166 0.0144 0.0122 0.0068 0.007 0.0033 0.0027 0.002 0.0014 9e-04 6e-04 4e-04 4e-04 0 1e-04 0 0 0 2e-04 0 0 0 0 0 0
0 0 0 0 0 1e-04 0.0312 0.2281 0.2174 0.1958 0.1188 0.0559 0.0376 0.0254 0.0232 0.0144 0.0145 0.0109 0.0081 0.0058 0.0036 0.003 0.0021 8e-04 0.0014 8e-04 3e-04 2e-04 3e-04 2e-04 0 0 1e-04 0 0 0 0 0 0 0
0 0 0 0 0 5e-04 0.0408 0.2183 0.2241 0.1968 0.11 0.0543 0.0361 0.0289 0.0226 0.0159 0.0141 0.0116 0.0088 0.0046 0.0038 0.0018 9e-04 0.0024 0.0015 0.0014 4e-04 1e-04 0 1e-04 1e-04 0 0 0 1e-04 0 0 0 0 0
0 0 0 0 0 2e-04 0.0487 0.2403 0.1664 0.142 0.1071 0.0764 0.0657 0.0492 0.0325 0.0198 0.013 0.0095 0.0074 0.0065 0.004 0.0031 0.0029 0.0016 0.0012 6e-04 6e-04 7e-04 4e-04 1e-04 0 0 0 0 1e-04 0 0 0 0 0
0 0 0 0 0 5e-04 0.0537 0.2403 0.1595 0.1432 0.1067 0.0766 0.0654 0.0486 0.032 0.0194 0.0121 0.0102 0.0068 0.007 0.0068 0.0033 0.0018 0.002 0.001 8e-04 0.0011 4e-04 1e-04 2e-04 0 3e-04 0 2e-04 0 0 0 0 0 0
0 0 0 0 0 0.001 0.0565 0.2409 0.1609 0.1416 0.0995 0.0726 0.0655 0.0505 0.035 0.0223 0.0137 0.0097 0.0065 0.0068 0.0036 0.0047 0.0026 0.002 0.0013 0.0011 4e-04 7e-04 4e-04 1e-04 0 0 0 0 0 0 1e-04 0 0 0
0 0 0 0 0 7e-04 0.0698 0.2332 0.1584 0.1383 0.1043 0.0744 0.0608 0.0501 0.0343 0.0208 0.0143 0.0102 0.0066 0.0059 0.004 0.0041 0.0026 0.0025 0.0014 0.0016 5e-04 4e-04 4e-04 0 2e-04 1e-04 1e-04 0 0 0 0 0 0 0
0 0 0 0 0 2e-04 0.029 0.2228 0.2287 0.2041 0.1164 0.0475 0.035 0.0295 0.0225 0.016 0.0112 0.0109 0.0078 0.0049 0.0034 0.0032 0.0017 0.0012 0.001 0.001 7e-04 2e-04 4e-04 2e-04 3e-04 1e-04 1e-04 0 0 0 0 0 0 0
0 0 0 0 0 1e-04 0.033 0.2296 0.2291 0.1937 0.1138 0.049 0.0367 0.0301 0.0207 0.0148 0.0144 0.0096 0.0095 0.0054 0.0032 0.0022 0.0013 7e-04 9e-04 7e-04 6e-04 4e-04 3e-04 0 1e-04 1e-04 0 0 0 0 0 0 0 0
0 0 0 0 0 6e-04 0.0355 0.2262 0.2164 0.1983 0.1127 0.0521 0.0355 0.0283 0.0225 0.0166 0.0136 0.0127 0.0077 0.0061 0.0044 0.0038 0.0011 0.0011 0.0013 0.0011 7e-04 8e-04 5e-04 0 3e-04 1e-04 0 0 0 0 0 0 0 0
0 0 0 0 0 4e-04 0.0441 0.2286 0.1646 0.1445 0.1109 0.0762 0.0679 0.0541 0.0332 0.0219 0.0125 0.0102 0.0073 0.006 0.0061 0.0043 0.0028 0.0017 0.0011 5e-04 5e-04 2e-04 4e-04 0 0 0 0 0 0 0 0 0 0 0
0 0 0 0 0 1e-04 0.0498 0.2369 0.1678 0.1381 0.1071 0.0815 0.0677 0.0522 0.0315 0.019 0.0111 0.0095 0.0081 0.0048 0.0032 0.0036 0.0032 0.0015 8e-04 7e-04 5e-04 5e-04 5e-04 1e-04 1e-04 1e-04 0 0 0 0 0 0 0 0
0 0 0 0 0 4e-04 0.0593 0.225 0.1695 0.1461 0.1034 0.0753 0.0663 0.0528 0.0307 0.0217 0.0128 0.0083 0.0066 0.0056 0.0043 0.0034 0.0026 0.0029 6e-04 9e-04 6e-04 4e-04 1e-04 1e-04 2e-04 1e-04 0 0 0 0 0 0 0 0
0 0 0 0 0 7e-04 0.074 0.231 0.1653 0.1407 0.1023 0.0735 0.0625 0.0469 0.0339 0.0157 0.0125 0.0081 0.0079 0.0064 0.0045 0.0042 0.0031 0.0023 0.0018 6e-04 0.001 4e-04 3e-04 1e-04 1e-04 1e-04 0 0 0 0 1e-04 0 0 0
0 0 0 0 0 1e-04 0.0301 0.2178 0.2332 0.2061 0.1112 0.051 0.0339 0.0325 0.0177 0.0194 0.0121 0.0101 0.0077 0.0055 0.0039 0.0021 0.0015 0.0012 8e-04 9e-04 4e-04 2e-04 4e-04 1e-04 0 1e-04 0 0 0 0 0 0 0 0
0 0 0 0 0 1e-04 0.0313 0.2187 0.2313 0.1942 0.1098 0.0527 0.0356 0.0301 0.0254 0.0181 0.0129 0.0112 0.0096 0.0062 0.0039 0.0029 0.0024 0.001 0.0012 4e-04 5e-04 2e-04 2e-04 0 1e-04 0 0 0 0 0 0 0 0 0
0 0 0 0 0 3e-04 0.0367 0.2263 0.2262 0.1848 0.1171 0.0572 0.0349 0.0282 0.0201 0.0159 0.0129 0.0122 0.0095 0.0052 0.0038 0.0025 0.002 7e-04 0.0014 8e-04 5e-04 4e-04 0 1e-04 0 3e-04 0 0 0 0 0 0 0 0
0 0 0 0 0 4e-04 0.0472 0.2328 0.1688 0.1407 0.1074 0.0791 0.066 0.0533 0.0341 0.0196 0.0114 0.0107 0.0071 0.0072 0.0036 0.003 0.0026 0.0019 0.0012 8e-04 5e-04 1e-04 1e-04 2e-04 1e-04 1e-04 0 0 0 0 0 0 0 0
0 0 0 0 0 5e-04 0.0492 0.2464 0.1667 0.1425 0.1016 0.0739 0.0644 0.0511 0.0332 0.0215 0.013 0.0089 0.0068 0.0066 0.0037 0.0029 0.0029 0.0011 0.0013 8e-04 2e-04 2e-04 2e-04 1e-04 1e-04 1e-04 0 1e-04 0 0 0 0 0 0
0 0 0 0 0 1e-04 0.0671 0.241 0.1601 0.1329 0.1028 0.0761 0.0686 0.0514 0.0324 0.0191 0.0127 0.0084 0.0077 0.0056 0.0038 0.0033 0.0018 0.0019 0.001 7e-04 4e-04 0 5e-04 3e-04 2e-04 0 0 0 0 1e-04 0 0 0 0
0 0 0 0 0 7e-04 0.0727 0.2419 0.1601 0.1369 0.1032 0.0706 0.0628 0.0488 0.0348 0.0179 0.0112 0.0102 0.0067 0.0061 0.0041 0.0033 0.0022 0.0018 0.0015 7e-04 7e-04 6e-04 2e-04 1e-04 1e-04 0 0 1e-04 0 0 0 0 0 0
0 0 0 0 0 3e-04 0.0306 0.2173 0.2266 0.2011 0.1076 0.0599 0.0364 0.0297 0.0225 0.0151 0.0133 0.0112 0.0095 0.0063 0.0031 0.0025 0.0024 0.0019 6e-04 7e-04 2e-04 3e-04 4e-04 0 2e-04 0 2e-04 1e-04 0 0 0 0 0 0
0 0 0 0 0 2e-04 0.0291 0.2214 0.2307 0.1931 0.1151 0.0538 0.0371 0.029 0.021 0.0172 0.013 0.0121 0.0068 0.0063 0.0034 0.002 0.0028 8e-04 0.0016 0.0012 6e-04 5e-04 8e-04 2e-04 1e-04 0 0 0 0 0 0 1e-04 0 0
0 0 0 0 0 1e-04 0.0369 0.2234 0.221 0.1963 0.1131 0.0541 0.0344 0.028 0.0233 0.0171 0.0143 0.009 0.0094 0.0065 0.0031 0.0027 0.002 0.0016 0.0017 0.0011 3e-04 2e-04 2e-04 0 0 2e-04 0 0 0 0 0 0 0 0
0 0 0 0 0 2e-04 0.0461 0.2378 0.1709 0.1391 0.106 0.0782 0.0629 0.0517 0.0336 0.0202 0.0146 0.0097 0.0082 0.0059 0.0041 0.0036 0.0023 0.0019 8e-04 0.0013 3e-04 1e-04 1e-04 1e-04 2e-04 1e-04 0 0 0 0 0 0 0 0
0 0 0 0 1e-04 4e-04 0.0525 0.2413 0.1602 0.1431 0.0986 0.0751 0.0672 0.0521 0.0377 0.019 0.0115 0.01 0.008 0.0074 0.0041 0.0023 0.0026 0.003 6e-04 0.001 0.0011 4e-04 1e-04 2e-04 2e-04 1e-04 0 1e-04 0 0 0 0 0 0
0 0 0 0 0 5e-04 0.0655 0.2372 0.1625 0.136 0.1091 0.0773 0.0634 0.0486 0.0316 0.0189 0.0139 0.0081 0.0066 0.0057 0.0035 0.004 0.0014 0.0022 0.0013 0.0012 4e-04 3e-04 3e-04 2e-04 1e-04 1e-04 0 0 1e-04 0 0 0 0 0
0 0 0 0 0 7e-04 0.0783 0.2347 0.1555 0.1394 0.1038 0.0733 0.0621 0.0487 0.0333 0.0199 0.0109 0.0095 0.0071 0.0066 0.0036 0.004 0.0027 0.0023 0.001 0.0012 4e-04 2e-04 1e-04 3e-04 1e-04 1e-04 0 0 1e-04 1e-04 0 0 0 0
0 0 0 0 0 3e-04 0.0249 0.2151 0.2306 0.1999 0.1145 0.0533 0.0404 0.0272 0.0233 0.0189 0.0142 0.0108 0.0082 0.005 0.0038 0.0027 0.0017 0.002 0.001 6e-04 1e-04 3e-04 1e-04 5e-04 5e-04 1e-04 0 0 0 0 0 0 0 0
0 0 0 0 0 2e-04 0.0311 0.2176 0.233 0.1981 0.1159 0.0526 0.0367 0.0279 0.0209 0.0186 0.0123 0.0101 0.0086 0.0056 0.0029 0.0029 7e-04 0.0012 9e-04 0.0014 2e-04 1e-04 2e-04 2e-04 1e-04 0 0 0 0 0 0 0 0 0
0 0 0 0 0 2e-04 0.0388 0.227 0.2261 0.1873 0.1172 0.0531 0.0341 0.0302 0.0207 0.0159 0.0136 0.0119 0.0079 0.0054 0.0026 0.0022 0.0013 0.001 0.0012 3e-04 3e-04 5e-04 1e-04 6e-04 2e-04 0 1e-04 2e-04 0 0 0 0 0 0
0 0 0 0 0 4e-04 0.0437 0.2319 0.1692 0.1436 0.1076 0.0795 0.0666 0.0538 0.0343 0.0196 0.0106 0.0106 0.0079 0.0049 0.0045 0.0028 0.0025 0.0019 0.0015 9e-04 6e-04 3e-04 3e-04 3e-04 0 0 1e-04 1e-04 0 0 0 0 0 0
0 0 0 0 0 8e-04 0.0528 0.2367 0.1681 0.1438 0.1048 0.0749 0.0643 0.0491 0.0321 0.0213 0.0137 0.0085 0.0074 0.0056 0.0047 0.003 0.0025 0.0021 0.001 9e-04 7e-04 4e-04 3e-04 1e-04 2e-04 0 1e-04 0 1e-04 0 0 0 0 0
0 0 0 0 0 1e-04 0.0627 0.2419 0.1733 0.1361 0.1026 0.0718 0.0639 0.0485 0.0304 0.0194 0.0133 0.0077 0.0069 0.0057 0.0038 0.0031 0.0021 0.0016 0.0019 0.001 7e-04 6e-04 5e-04 1e-04 0 1e-04 1e-04 0 0 1e-04 0 0 0 0
0 0 0 0 0 5e-04 0.07 0.2388 0.1658 0.1367 0.1038 0.0734 0.0648 0.0485 0.03 0.0213 0.013 0.0079 0.007 0.0044 0.0035 0.0026 0.0028 0.0013 0.0015 8e-04 5e-04 3e-04 2e-04 3e-04 1e-04 1e-04 0 0 1e-04 0 0 0 0 0
0 0 0 0 0 1e-04 0.0239 0.2186 0.2321 0.1931 0.1218 0.0514 0.0361 0.0317 0.0232 0.0171 0.0149 0.0116 0.0064 0.005 0.0048 0.0028 0.0018 0.001 0.001 4e-04 4e-04 5e-04 2e-04 0 0 0 0 0 0 0 0 1e-04 0 0
0 0 0 0 0 1e-04 0.034 0.2181 0.2263 0.1979 0.1159 0.0516 0.0344 0.0297 0.0196 0.0175 0.0157 0.0102 0.0091 0.0069 0.0027 0.0029 0.0021 0.0012 0.0013 5e-04 0.0011 3e-04 1e-04 3e-04 2e-04 0 2e-04 1e-04 0 0 0 0 0 0
0 0 0 0 0 0 0.0411 0.2209 0.234 0.1921 0.1094 0.0528 0.0345 0.028 0.0219 0.0172 0.0136 0.0106 0.0059 0.0063 0.003 0.0025 0.0017 0.0013 9e-04 5e-04 4e-04 4e-04 5e-04 1e-04 3e-04 1e-04 0 0 0 0 0 0 0 0
0 0 0 0 0 4e-04 0.0425 0.236 0.1668 0.1411 0.1085 0.073 0.0717 0.0525 0.0327 0.0196 0.0131 0.0105 0.0069 0.0056 0.0047 0.0037 0.0036 0.0024 0.0018 0.001 9e-04 4e-04 3e-04 1e-04 0 0 1e-04 0 1e-04 0 0 0 0 0
0 0 0 0 0 3e-04 0.0537 0.2362 0.1621 0.1393 0.1056 0.0775 0.0642 0.0519 0.0358 0.0193 0.0109 0.012 0.0087 0.0056 0.0044 0.0031 0.0025 0.0025 0.0015 0.0012 6e-04 3e-04 1e-04 4e-04 1e-04 1e-04 1e-04 0 0 0 0 0 0 0
0 0 0 0 0 4e-04 0.0637 0.2377 0.1604 0.1372 0.0981 0.0752 0.0676 0.0507 0.0357 0.0201 0.0144 0.0089 0.0058 0.0077 0.0045 0.0036 0.0018 0.0018 0.0014 9e-04 0.0015 2e-04 3e-04 0 1e-04 2e-04 1e-04 0 0 0 0 0 0 0
0 0 0 0 0 8e-04 0.0751 0.2379 0.1597 0.1355 0.108 0.0736 0.0609 0.0525 0.0322 0.0163 0.0105 0.0079 0.0073 0.0057 0.0035 0.0031 0.0026 0.0022 0.0012 7e-04 9e-04 8e-04 3e-04 2e-04 2e-04 1e-04 0 1e-04 1e-04 1e-04 0 0 0 0
0 0 0 0 0 1e-04 0.0316 0.2143 0.2287 0.1996 0.1155 0.0537 0.0355 0.0328 0.0211 0.0156 0.0132 0.0111 0.0084 0.0063 0.004 0.0029 0.0016 0.001 9e-04 9e-04 2e-04 0 2e-04 3e-04 4e-04 1e-04 0 0 0 0 0 0 0 0
0 0 0 0 0 1e-04 0.0301 0.2152 0.2391 0.1904 0.1166 0.0547 0.0369 0.0267 0.0236 0.0174 0.0149 0.0095 0.0068 0.0054 0.0039 0.0029 0.0017 0.0014 0.0014 5e-04 3e-04 4e-04 1e-04 0 0 0 0 0 0 0 0 0 0 0
0 0 0 0 0 7e-04 0.0397 0.2233 0.2253 0.1917 0.1123 0.0523 0.0336 0.0281 0.0208 0.0173 0.0154 0.0125 0.0087 0.0059 0.0028 0.0024 0.0015 0.0014 0.0014 6e-04 0.001 4e-04 3e-04 1e-04 1e-04 0 2e-04 1e-04 0 0 0 0 0 1e-04
0 0 0 0 0 2e-04 0.0416 0.235 0.1684 0.1481 0.1039 0.0767 0.0688 0.0501 0.0341 0.0204 0.0135 0.008 0.0066 0.0069 0.0053 0.0037 0.0029 0.002 0.0014 6e-04 4e-04 6e-04 5e-04 0 2e-04 0 1e-04 0 0 0 0 0 0 0
0 0 0 0 0 2e-04 0.049 0.2357 0.1642 0.1441 0.1075 0.0788 0.0666 0.05 0.0326 0.0214 0.013 0.0089 0.0065 0.0054 0.0039 0.0037 0.0018 0.0023 0.0014 6e-04 0.001 5e-04 1e-04 5e-04 0 0 3e-04 0 0 0 0 0 0 0
0 0 0 0 0 5e-04 0.0631 0.2334 0.1646 0.1348 0.1029 0.0776 0.0662 0.0523 0.0356 0.0174 0.0128 0.0103 0.0066 0.0047 0.0045 0.0037 0.0023 0.0017 0.0019 0.0011 9e-04 2e-04 4e-04 3e-04 1e-04 0 1e-04 0 0 0 0 0 0 0
0 0 0 0 0 4e-04 0.0746 0.2343 0.1562 0.1398 0.1058 0.0736 0.0609 0.0497 0.0323 0.0187 0.014 0.0098 0.0076 0.0061 0.0038 0.0033 0.0027 0.002 0.0017 8e-04 7e-04 4e-04 1e-04 3e-04 0 1e-04 2e-04 0 0 1e-04 0 0 0 0
0 0 0 0 0 1e-04 0.0261 0.215 0.2313 0.1996 0.1178 0.0563 0.0354 0.0318 0.0237 0.0159 0.0113 0.01 0.0072 0.0064 0.0038 0.003 9e-04 0.0012 0.0011 6e-04 3e-04 4e-04 3e-04 1e-04 4e-04 0 0 0 0 0 0 0 0 0
0 0 0 0 0 2e-04 0.0313 0.2186 0.2239 0.1972 0.1142 0.0574 0.0395 0.0309 0.0218 0.0156 0.0126 0.0101 0.0076 0.0068 0.0037 0.0025 0.0015 0.0013 8e-04 8e-04 5e-04 5e-04 2e-04 0 2e-04 1e-04 1e-04 1e-04 0 0 0 0 0 0
0 0 0 0 0 0 0.0381 0.2292 0.2213 0.1924 0.1158 0.0551 0.0351 0.0248 0.0202 0.0166 0.0141 0.0112 0.0061 0.0056 0.0034 0.0035 0.0027 0.0011 0.001 6e-04 0.001 5e-04 3e-04 0 1e-04 1e-04 0 0 0 1e-04 0 0 0 0
0 0 0 0 0 6e-04 0.0419 0.2343 0.1735 0.1406 0.1078 0.074 0.0689 0.05 0.0374 0.0199 0.011 0.0108 0.0075 0.0053 0.0051 0.003 0.0024 0.0017 0.001 6e-04 9e-04 0.001 3e-04 3e-04 0 1e-04 0 0 1e-04 0 0 0 0 0
0 0 0 0 0 3e-04 0.0546 0.2422 0.1672 0.144 0.0978 0.0764 0.0632 0.0497 0.0357 0.0185 0.0126 0.0079 0.0072 0.006 0.0043 0.0042 0.0036 0.0016 9e-04 7e-04 7e-04 3e-04 2e-04 2e-04 0 0 0 0 0 0 0 0 0 0
0 0 0 0 0 0.001 0.0607 0.233 0.1655 0.1457 0.1042 0.0743 0.0617 0.0503 0.0337 0.0171 0.011 0.0093 0.008 0.0074 0.0046 0.0034 0.0023 0.0023 0.0019 0.0011 5e-04 4e-04 2e-04 1e-04 3e-04 0 0 0 0 0 0 0 0 0
0 0 0 0 0 5e-04 0.077 0.2344 0.1582 0.1399 0.0996 0.0705 0.0597 0.056 0.0337 0.0181 0.0126 0.0104 0.0075 0.0052 0.004 0.0039 0.0021 0.0023 0.0016 0.001 6e-04 2e-04 5e-04 1e-04 1e-04 1e-04 0 2e-04 0 0 0 0 0 0
0 0 0 0 0 4e-04 0.0275 0.2174 0.2314 0.1998 0.115 0.0568 0.0361 0.0285 0.0232 0.0156 0.0118 0.0112 0.009 0.004 0.0045 0.0018 0.0014 0.0015 0.0011 0.001 3e-04 1e-04 0 3e-04 3e-04 0 0 0 0 0 0 0 0 0
0 0 0 0 0 2e-04 0.0353 0.2146 0.2198 0.2055 0.1124 0.0522 0.0386 0.0301 0.0236 0.017 0.0146 0.0127 0.0079 0.0054 0.0024 0.0025 0.001 0.0011 0.001 7e-04 7e-04 4e-04 2e-04 1e-04 0 0 0 0 0 0 0 0 0 0
0 0 0 0 0 3e-04 0.0401 0.2191 0.234 0.1935 0.1104 0.0538 0.0337 0.0286 0.0206 0.0165 0.0149 0.0102 0.0073 0.0056 0.0024 0.0028 0.0015 0.0017 8e-04 4e-04 4e-04 5e-04 2e-04 6e-04 1e-04 0 0 0 0 0 0 0 0 0
0 0 0 0 1e-04 4e-04 0.044 0.2479 0.1707 0.146 0.0984 0.0751 0.0634 0.0469 0.0327 0.0193 0.0134 0.0091 0.0081 0.0061 0.0044 0.0047 0.0029 0.0028 0.0015 8e-04 6e-04 2e-04 2e-04 1e-04 2e-04 0 0 0 0 0 0 0 0 0
0 0 0 0 0 7e-04 0.0536 0.2391 0.1591 0.148 0.1022 0.076 0.0646 0.0498 0.0347 0.0188 0.0119 0.0082 0.0084 0.0063 0.005 0.0029 0.003 0.0032 0.0013 9e-04 7e-04 5e-04 7e-04 3e-04 0 1e-04 0 0 0 0 0 0 0 0
0 0 0 0 0 6e-04 0.0641 0.2381 0.1581 0.1428 0.098 0.0766 0.063 0.0516 0.0332 0.0201 0.011 0.0106 0.0097 0.0051 0.0043 0.0035 0.0022 0.0028 0.0012 0.0016 5e-04 6e-04 5e-04 2e-04 0 0 0 0 0 0 0 0 0 0
0 0 0 0 0 7e-04 0.0718 0.2313 0.163 0.1355 0.1043 0.0747 0.0608 0.0539 0.0314 0.0205 0.0128 0.0107 0.0071 0.0053 0.0047 0.0029 0.0025 0.0019 0.0018 8e-04 5e-04 2e-04 3e-04 2e-04 3e-04 0 0 1e-04 0 0 0 0 0 0
0 0 0 0 0 0 0.0257 0.2242 0.2306 0.1967 0.1127 0.057 0.037 0.0288 0.0217 0.0176 0.0124 0.0107 0.0067 0.0053 0.0035 0.0019 0.0024 0.0022 0.0011 8e-04 4e-04 2e-04 2e-04 0 0 0 0 1e-04 1e-04 0 0 0 0 0
0 0 0 0 0 2e-04 0.0318 0.2138 0.2301 0.1974 0.1112 0.057 0.0416 0.0311 0.0209 0.0165 0.0139 0.0089 0.007 0.0052 0.0042 0.0022 0.0019 0.0014 0.0012 6e-04 8e-04 4e-04 1e-04 1e-04 1e-04 0 2e-04 1e-04 0 1e-04 0 0 0 0
0 0 0 0 0 3e-04 0.0422 0.2191 0.2249 0.1918 0.1159 0.0535 0.034 0.0273 0.0216 0.0172 0.0148 0.0107 0.0091 0.0063 0.0043 0.0018 0.0017 0.001 0.0011 2e-04 6e-04 3e-04 2e-04 0 0 0 0 0 1e-04 0 0 0 0 0
0 0 0 0 0 2e-04 0.0431 0.2405 0.1641 0.1422 0.1057 0.0765 0.0668 0.0494 0.0375 0.0202 0.0127 0.0098 0.0099 0.0069 0.0046 0.0022 0.0021 0.0019 0.001 0.0011 4e-04 1e-04 8e-04 1e-04 1e-04 1e-04 0 0 0 0 0 0 0 0
0 0 0 0 0 5e-04 0.0509 0.2323 0.1674 0.1372 0.1087 0.0765 0.0652 0.0502 0.0319 0.0198 0.0141 0.0103 0.0071 0.0079 0.0048 0.0048 0.003 0.0023 0.002 8e-04 9e-04 2e-04 4e-04 2e-04 3e-04 1e-04 1e-04 0 1e-04 0 0 0 0 0
0 0 0 0 0 7e-04 0.0646 0.2297 0.1638 0.1397 0.1011 0.0723 0.0664 0.0503 0.0368 0.0193 0.0132 0.0092 0.0076 0.0059 0.0051 0.0042 0.0031 0.0018 0.0016 0.0017 8e-04 3e-04 4e-04 2e-04 1e-04 1e-04 0 0 0 0 0 0 0 0
0 0 0 0 0 9e-04 0.0747 0.2304 0.1633 0.136 0.1072 0.0728 0.06 0.0522 0.0315 0.0204 0.0121 0.009 0.0072 0.0058 0.0049 0.0028 0.0024 0.0015 0.0016 8e-04 0.001 6e-04 3e-04 2e-04 0 3e-04 0 1e-04 0 0 0 0 0 0
0 0 0 0 0 2e-04 0.0278 0.2254 0.2248 0.1965 0.1162 0.0559 0.0331 0.0288 0.0233 0.0176 0.0142 0.0112 0.0072 0.006 0.0036 0.002 0.0017 9e-04 0.0014 5e-04 2e-04 5e-04 4e-04 2e-04 1e-04 1e-04 1e-04 1e-04 0 0 0 0 0 0
0 0 0 0 0 2e-04 0.0312 0.2145 0.2236 0.202 0.1146 0.0558 0.0364 0.0294 0.025 0.0179 0.0134 0.0105 0.0065 0.0058 0.0037 0.0027 0.0022 0.0017 8e-04 9e-04 8e-04 3e-04 0 0 1e-04 0 0 0 0 0 0 0 0 0
0 0 0 0 0 5e-04 0.0381 0.219 0.2347 0.1936 0.1115 0.051 0.0366 0.0261 0.0232 0.0147 0.0132 0.0118 0.0085 0.0051 0.0034 0.0022 0.0016 0.0012 0.0016 5e-04 6e-04 4e-04 2e-04 2e-04 3e-04 0 2e-04 0 0 0 0 0 0 0
0 0 0 0 0 6e-04 0.0414 0.2366 0.1676 0.1475 0.1056 0.0773 0.07 0.0479 0.0336 0.0147 0.0129 0.0113 0.0087 0.007 0.0055 0.0027 0.0021 0.0026 8e-04 0.001 0.0012 5e-04 2e-04 2e-04 2e-04 3e-04 0 0 0 0 0 0 0 0
0 0 0 0 0 2e-04 0.0521 0.2319 0.1617 0.1468 0.1059 0.0761 0.0671 0.0503 0.0342 0.0199 0.0126 0.0094 0.0077 0.0084 0.0041 0.0032 0.0025 0.0015 0.0014 0.0012 3e-04 6e-04 3e-04 2e-04 3e-04 0 0 0 1e-04 0 0 0 0 0
0 0 0 0 0 4e-04 0.0625 0.235 0.1559 0.1439 0.1015 0.077 0.0667 0.0513 0.0354 0.0224 0.0122 0.0085 0.0059 0.0055 0.0046 0.003 0.003 0.0017 9e-04 0.001 8e-04 4e-04 3e-04 1e-04 0 0 1e-04 0 0 0 0 0 0 0
0 0 0 0 0 3e-04 0.0727 0.2406 0.1617 0.1376 0.0974 0.0741 0.0601 0.0524 0.0336 0.0194 0.0121 0.0094 0.0071 0.0053 0.0047 0.0029 0.0025 0.0018 0.0013 0.001 9e-04 5e-04 2e-04 1e-04 1e-04 0 0 0 1e-04 1e-04 0 0 0 0
0 0 0 0 0 1e-04 0.0297 0.2221 0.233 0.1921 0.1155 0.0524 0.0357 0.0301 0.0204 0.0181 0.013 0.0108 0.008 0.0056 0.0038 0.0025 0.002 0.0016 0.0012 7e-04 5e-04 3e-04 4e-04 3e-04 1e-04 0 0 0 0 0 0 0 0 0
0 0 0 0 0 4e-04 0.0299 0.2216 0.23 0.1925 0.1133 0.0587 0.038 0.0275 0.0242 0.016 0.0136 0.0122 0.0077 0.0046 0.0027 0.002 0.0016 0.0017 5e-04 5e-04 2e-04 2e-04 1e-04 0 0 2e-04 0 0 1e-04 0 0 0 0 0
0 0 0 0 0 5e-04 0.0402 0.2111 0.2245 0.1981 0.1113 0.0567 0.0418 0.0255 0.0208 0.0175 0.0134 0.0103 0.0086 0.0062 0.0036 0.0023 0.0017 0.0017 0.0017 8e-04 7e-04 5e-04 0 2e-04 3e-04 0 0 0 0 0 0 0 0 0
0 0 0 0 0 6e-04 0.0457 0.2324 0.1608 0.1438 0.103 0.0813 0.0663 0.0518 0.0378 0.0205 0.0122 0.0112 0.0094 0.0067 0.0065 0.0027 0.002 0.0017 8e-04 0.0013 4e-04 3e-04 0 2e-04 5e-04 0 1e-04 0 0 0 0 0 0 0
0 0 0 0 0 5e-04 0.0532 0.2329 0.1618 0.1447 0.1016 0.0787 0.0692 0.0492 0.0333 0.0201 0.0141 0.0106 0.0062 0.0063 0.0046 0.0039 0.0032 0.0019 0.0016 6e-04 4e-04 7e-04 2e-04 2e-04 0 1e-04 1e-04 0 1e-04 0 0 0 0 0
0 0 0 0 0 5e-04 0.0648 0.2369 0.1605 0.1396 0.1044 0.0698 0.0662 0.0522 0.0365 0.0189 0.0114 0.0089 0.0073 0.0064 0.0051 0.0034 0.002 0.0021 9e-04 5e-04 9e-04 0 3e-04 2e-04 0 0 2e-04 0 0 1e-04 0 0 0 0
0 0 0 0 0 8e-04 0.0731 0.2389 0.154 0.1359 0.1044 0.0717 0.0615 0.0513 0.0329 0.019 0.0137 0.0095 0.0068 0.0069 0.0052 0.004 0.0031 0.0023 0.002 8e-04 8e-04 6e-04 3e-04 2e-04 0 0 1e-04 1e-04 0 0 0 0 0 1e-04
0 0 0 0 0 3e-04 0.0256 0.2193 0.2285 0.1938 0.116 0.0538 0.0403 0.0331 0.0206 0.0171 0.0125 0.0113 0.0086 0.0053 0.0032 0.0027 0.0029 0.0022 6e-04 1e-04 5e-04 4e-04 5e-04 2e-04 3e-04 2e-04 0 0 0 0 0 1e-04 0 0
0 0 0 0 1e-04 2e-04 0.0297 0.2207 0.2293 0.1949 0.1149 0.0519 0.0361 0.0325 0.0228 0.0152 0.0141 0.0105 0.0071 0.0063 0.0037 0.003 0.0018 0.0018 0.0011 5e-04 9e-04 5e-04 2e-04 0 1e-04 0 0 1e-04 0 0 0 0 0 0
0 0 0 0 0 4e-04 0.0402 0.2219 0.2285 0.191 0.1194 0.0526 0.0369 0.0271 0.0199 0.0147 0.0138 0.0087 0.0083 0.0048 0.0035 0.0017 0.0017 0.001 0.0011 0.0011 3e-04 8e-04 2e-04 0 3e-04 1e-04 0 0 0 0 0 0 0 0
0 0 0 0 0 0 0.0456 0.2431 0.1678 0.1412 0.1052 0.0782 0.0652 0.0489 0.0341 0.0202 0.0116 0.0099 0.0075 0.0068 0.0034 0.0029 0.0023 0.0023 0.0018 5e-04 6e-04 3e-04 1e-04 0 4e-04 0 1e-04 0 0 0 0 0 0 0
0 0 0 0 0 5e-04 0.0521 0.2401 0.1691 0.1411 0.1009 0.0757 0.0641 0.0507 0.034 0.0195 0.0113 0.0093 0.0094 0.0049 0.0047 0.0032 0.0034 0.0016 0.0018 6e-04 7e-04 5e-04 3e-04 1e-04 0 0 1e-04 2e-04 0 0 1e-04 0 0 0
0 0 0 0 0 7e-04 0.0643 0.2382 0.16 0.1412 0.108 0.0726 0.0606 0.0471 0.0359 0.0208 0.0121 0.0086 0.008 0.0063 0.0048 0.0031 0.0027 0.0022 9e-04 0.001 0 1e-04 0 7e-04 0 0 1e-04 0 0 0 0 0 0 0
# number of total recruitment months
66
# all recruitment months
1 5 9 13 17 21 25 29 33 37 41 45 49 53 57 61 65 69 73 77 81 85 89 93 97 101 105 109 113 117 121 125 129 133 137 141 145 149 153 157 161 165 169 173 177 181 185 189 193 197 201 205 209 213 217 221 225 229 233 237 241 245 249 253 257 261
# number of rec months
3
# which rec months
1 5 9
# number of growth months
2
# which growth months
4 7
# catch cv
0.05
# survey cv
0.2
# catch eff N
150
# survey eff N
150
