# Number of parameters = 267 Objective function value = 618.504963594550  Maximum gradient component = 0.0463885850252585
# log_n_at_l_init:
 19.8531294765515 12.7000857850138 8.77102419134806 7.53235771720625 8.17230046710791 9.69015643747219 10.8094532381799 11.3078654842875 11.5988745086089 11.5676180706089 11.1116031296422 10.2707141409217 9.07753825205391 8.20423883146314 8.12053969501683 8.72984123067486 9.32644631058969 9.90513807882713 10.1795535464837 10.5233485818062 10.7361264421636 10.7179185882091 10.6439901855507 10.4964086220957 10.1057921601673 9.86243643212380 9.25635961255137 8.63187782859034 7.85462594219807 7.02005834115821 6.07453424020387 5.32039993624583 4.92263031196824 4.96238735102959 5.49364943127196 6.44939447865320 7.12682693141702 7.56396151013056 8.58658898337564 12.3893575054518
# log_recruits:
 2.17670540180862 19.8324580360286 19.5953793944563 20.0132196076278 19.7488053105961 20.0318914322403 19.7762247101014 19.6972333868014 19.5209643768088 20.0724008358371 19.7645106356458 19.5338454265761 20.0183178363957 19.7437496965595 19.5133715025909 20.1352130816405 19.7651949263367 19.5665938826626 20.0183203301694 19.7419393837233 20.3630954288347 19.3202257240255 19.7383312821184 19.5354206028837 20.0434171868157 19.7642836730253 14.1245569394306 20.3951624118182 19.7221125642655 19.7001692338367 20.0120941555018 19.7620432160311 19.5616050498996 20.0578017777205 19.7708159222285 20.1054847365365 19.7656226369125 19.7647540988325 19.6236115440220 20.0458971032105 19.7729308227120 19.5909166078842 20.0022384817473 19.7267693375821 19.4712801967973 20.1525823236992 19.7955955109108 19.5424267798315 20.0519863655579 19.7310709246828 20.3655211105691 19.4296948241200 19.7918889018439 19.6139343776367 20.0328405477555 19.8161861895748 11.9179802789241 20.4321185517891 19.7357956485851 19.6149384474194 20.1198868488362 19.8475400781367 19.6253842356212 20.1150392950895 19.9817477990255 19.6494826792352
# nat_m:
1.02736991985
# surv_q:
0.500000000000
# surv_50:
58.8578371899
# surv_slope:
0.293538390116
# fish_50:
85.0875414220
# fish_slope:
0.860866118903
# f_mort:
 0.00610061382775 0.00446813025641 0.00451864672505 0.00331513000270 0.156780938712 0.159233149639 0.146272984133 0.155909459667 0.197231413439 0.200027134161 0.197521690332 0.195742206011 0.203418402494 0.197871327569 0.185821116832 0.203160529060 0.202739040986 0.190949743836 0.199093130290 0.190257670080 0.201907161389 0.207223139165 0.204331582021 0.192180493341 0.189193908775 0.202946353827 0.188069278656 0.188900279157 0.183381171345 0.199305272502 0.205276311450 0.210281029244 0.197961917478 0.190871050394 0.182946869005 0.176884767314 0.197495199442 0.200090680713 0.197762723457 0.212506984494 0.198934508496 0.186495514719 0.194112198279 0.198723348355 0.196513770984 0.210236526906 0.185270059820 0.201653774012 0.191342484458 0.182956936588 0.198724091428 0.208766301244 0.198167473510 0.202123303767 0.191891544382 0.207665578384 0.198803711033 0.200234414194 0.179491953149 0.196079222510 0.214447299604 0.194844091672 0.178602999572 0.206700016194 0.188350027598 0.208195958980 0.196389554087 0.197540942373 0.198091424286 0.190030884392 0.210156492398 0.196928718581 0.202784984624 0.184688596359 0.165487500406 0.199900168797 0.204036965342 0.175246373753 0.215453243744 0.203780861370 0.192565342824 0.190705147952 0.187356539179 0.193562681596 0.176840275636 0.196905448561 0.198864874312 0.201547760247 0.197174038326 0.170479357228 0.179015595887 0.178915944200 0.221648451230 0.201642481633 0.203997816355 0.201487106472 0.185461393385 0.204022978462 0.224290886824 0.201976767684 0.197172216287 0.210467441053 0.193973472084 0.186966681003 0.182760560704 0.193679156483 0.197906762511 0.201322121976 0.200017446296 0.201572293419 0.186820008807 0.193256384119 0.194435112106 0.198090395703 0.210080909639 0.198650798582 0.172693287381 0.189595046527 0.203681611150 0.176473413514 0.194257063719 0.200836279258 0.206399783672 0.188864297827 0.197956725651 0.199335068027 0.191489162801 0.202507687641 0.208199011705 0.185541841277 0.203785882242 0.194820220401 0.180668270010 0.200932874782 0.203134159736 0.187030337405 0.180184941922 0.185500540130 0.198999735734 0.203804564105 0.176004672527 0.190016028030 0.194827779159 0.188370451673 0.185087634203 0.194624830386 0.199965375913 0.185042062102 0.166602957196 0.187189013674 0.175632628239 0.180787553936 0.163244105109 0.153095001262
# growth_alpha:
5.87460105865
# growth_beta:
1.30000000000
# growth_slope:
1.12148717037
# molt_50:
150.000000000
# molt_slope:
-0.0500000000000
